1753867442333 0.0004714727891156462 0
1753867524100 0.0008852509183673469 1
1753867605452 0.0012361530476190476 2
1753867685461 0.001146058 3
1753867765792 0.001051744 4
1753867846580 0.00095743 5
1753867926083 0.0008631159999999999 6
1753868005446 0.000768802 7
1753868084750 0.000674488 8
1753868163700 0.000580174 9
1753868242883 0.00048586 10
1753868322120 0.0003915460000000001 11
1753868401343 0.0002972319999999999 12
1753868480575 0.00020291799999999998 13
1753868559772 0.00010860399999999998 14
