0 0.2671875 0.10703125 0.025 0.06328125
0 0.23671875 0.15 0.0390625 0.07109375
0 0.16484375 0.63671875 0.078125 0.13828125
0 0.33828125 0.525 0.06171875 0.12421875
0 0.4203125 0.31328125 0.0546875 0.1125
0 0.403125 0.0359375 0.01953125 0.0359375
0 0.4578125 0.05234375 0.01875 0.0453125
0 0.55703125 0.0796875 0.03125 0.04921875
0 0.54375 0.25390625 0.05234375 0.10859375
0 0.57109375 0.4265625 0.0640625 0.12265625
0 0.65390625 0.246875 0.0578125 0.1109375
2 0.75078125 0.12734375 0.03046875 0.05703125
0 0.81328125 0.16015625 0.0359375 0.07890625
0 0.7890625 0.04609375 0.02734375 0.053125
0 0.853125 0.040625 0.03359375 0.0609375
0 0.9015625 0.06796875 0.03359375 0.0453125