0 0.08359375 0.315625 0.046875 0.07421875
0 0.146875 0.28359375 0.0375 0.06171875
0 0.19765625 0.25 0.0296875 0.0484375
0 0.2671875 0.32578125 0.0484375 0.07109375
0 0.41953125 0.315625 0.046875 0.07109375
0 0.50703125 0.246875 0.08203125 0.134375
0 0.60390625 0.240625 0.0421875 0.0875
0 0.6953125 0.32421875 0.02890625 0.04609375
0 0.76171875 0.27890625 0.0421875 0.07265625
0 0.85234375 0.33046875 0.0359375 0.06171875
0 0.93671875 0.303125 0.03515625 0.0625
0 0.97109375 0.29296875 0.0203125 0.0484375
0 0.27890625 0.2375 0.02890625 0.0359375