0 0.84609375 0.16796875 0.05625 0.08984375
1 0.9359375 0.30234375 0.04375 0.0828125
0 0.6453125 0.19765625 0.04609375 0.071875
0 0.71015625 0.29375 0.034375 0.05703125
0 0.0921875 0.21171875 0.0421875 0.075
1 0.11953125 0.28046875 0.0546875 0.09296875
1 0.47734375 0.196875 0.06484375 0.10078125
2 0.196875 0.29375 0.0546875 0.08984375
2 0.021875 0.2015625 0.0421875 0.06484375
2 0.36328125 0.2484375 0.046875 0.0703125
2 0.603125 0.21953125 0.0359375 0.05859375
2 0.7265625 0.15625 0.046875 0.065625
2 0.23828125 0.2328125 0.03515625 0.06484375