0 0.0203125 0.225 0.040625 0.090625
0 0.071875 0.26484375 0.0375 0.0609375
0 0.23515625 0.20078125 0.040625 0.0703125
0 0.30625 0.19921875 0.059375 0.096875
0 0.34765625 0.21015625 0.034375 0.05625
0 0.40390625 0.246875 0.04375 0.0625
0 0.48359375 0.240625 0.0421875 0.059375
0 0.59296875 0.278125 0.0609375 0.0796875
0 0.640625 0.16875 0.053125 0.0734375
0 0.74921875 0.184375 0.0359375 0.0609375
0 0.790625 0.1796875 0.05 0.078125
0 0.8796875 0.2765625 0.0578125 0.0796875
0 0.95703125 0.20703125 0.0515625 0.0890625
0 0.4359375 0.22890625 0.0234375 0.040625