0 0.02421875 0.30703125 0.0484375 0.1046875
0 0.11015625 0.35 0.059375 0.090625
0 0.22734375 0.22890625 0.040625 0.065625
0 0.29296875 0.29609375 0.075 0.1203125
0 0.29609375 0.21796875 0.046875 0.0671875
0 0.34453125 0.2625 0.0546875 0.090625
0 0.43046875 0.49375 0.075 0.10625
0 0.4140625 0.24296875 0.04375 0.0703125
0 0.4671875 0.228125 0.04375 0.08125
0 0.503125 0.23203125 0.0578125 0.0953125
0 0.55859375 0.25390625 0.0515625 0.0796875
0 0.60703125 0.28671875 0.0640625 0.0984375
0 0.6703125 0.2953125 0.071875 0.109375
0 0.70390625 0.17265625 0.053125 0.0859375
2 0.74921875 0.1671875 0.0484375 0.0671875
0 0.8203125 0.13046875 0.059375 0.0984375
0 0.8828125 0.14296875 0.0609375 0.1015625
0 0.78203125 0.159375 0.0328125 0.059375