0 0.0796875 0.23984375 0.05 0.0703125
0 0.190625 0.1125 0.034375 0.053125
0 0.2625 0.290625 0.046875 0.065625
0 0.38515625 0.08359375 0.034375 0.0453125
0 0.43203125 0.14609375 0.04375 0.0671875
0 0.54296875 0.36875 0.05625 0.09375
0 0.47578125 0.07734375 0.0375 0.0578125
0 0.54375 0.08671875 0.034375 0.0546875
0 0.65078125 0.27265625 0.046875 0.0734375
0 0.6375 0.2109375 0.0375 0.059375
2 0.4390625 0.0703125 0.028125 0.034375
2 0.62265625 0.0984375 0.025 0.04375
0 0.6296875 0.03203125 0.025 0.0359375
0 0.69921875 0.13359375 0.034375 0.0453125
2 0.66015625 0.0171875 0.025 0.034375
1 0.73203125 0.0703125 0.028125 0.05
0 0.78828125 0.05078125 0.03125 0.0515625
0 0.80859375 0.053125 0.0125 0.0375
2 0.76484375 0.0453125 0.01875 0.0375
2 0.9296875 0.05078125 0.03125 0.0421875
0 0.9953125 0.09609375 0.009375 0.0484375