0 0.9 0.2359375 0.078125 0.1046875
0 0.14765625 0.14140625 0.0609375 0.075
0 0.69609375 0.225 0.0578125 0.0796875
0 0.74140625 0.33671875 0.040625 0.0546875
1 0.96484375 0.37890625 0.0609375 0.0875
1 0.53125 0.19765625 0.0734375 0.109375
1 0.1609375 0.21640625 0.071875 0.103125
2 0.08203125 0.1234375 0.0546875 0.0765625
2 0.23671875 0.246875 0.06875 0.096875
2 0.284375 0.19140625 0.046875 0.06875
2 0.4109375 0.2265625 0.0546875 0.0671875
2 0.65078125 0.23828125 0.0515625 0.06875
2 0.7796875 0.20078125 0.0578125 0.075