0 0.06796875 0.5296875 0.0875 0.2109375
0 0.25390625 0.33984375 0.103125 0.1546875
0 0.04921875 0.23515625 0.0546875 0.0921875
0 0.31796875 0.090625 0.05 0.09375
0 0.4640625 0.35625 0.0609375 0.1125
0 0.53359375 0.284375 0.0421875 0.096875
0 0.6421875 0.3015625 0.040625 0.109375
0 0.58359375 0.5015625 0.0671875 0.1328125
0 0.615625 0.74140625 0.071875 0.146875
0 0.7953125 0.47890625 0.0765625 0.115625
0 0.6203125 0.05546875 0.0328125 0.0765625
0 0.86875 0.1421875 0.0421875 0.053125
0 0.9875 0.23125 0.025 0.15
0 0.475 0.11015625 0.025 0.0734375