0 0.02109375 0.36015625 0.0421875 0.1078125
0 0.0640625 0.32890625 0.0796875 0.109375
0 0.21015625 0.19453125 0.0640625 0.1015625
0 0.2125 0.396875 0.065625 0.1125
0 0.28046875 0.33828125 0.0703125 0.1078125
0 0.3625 0.33125 0.0765625 0.1125
0 0.39765625 0.2421875 0.0765625 0.103125
0 0.47109375 0.28203125 0.078125 0.1109375
0 0.52265625 0.2359375 0.08125 0.115625
0 0.64921875 0.2375 0.065625 0.096875
0 0.70390625 0.23203125 0.065625 0.1140625
0 0.78828125 0.1796875 0.0875 0.125
0 0.88828125 0.14453125 0.0796875 0.1171875
0 0.28515625 0.23125 0.071875 0.1015625
0 0.9578125 0.278125 0.0296875 0.0828125