0 0.03359375 0.7109375 0.0671875 0.115625
0 0.16875 0.74765625 0.090625 0.115625
0 0.28671875 0.81328125 0.0875 0.1109375
0 0.471875 0.9125 0.1015625 0.1171875
0 0.83984375 0.84296875 0.090625 0.1015625
0 0.721875 0.684375 0.0890625 0.103125
0 0.9703125 0.5625 0.059375 0.08125
0 0.8296875 0.521875 0.05625 0.0703125
0 0.57890625 0.671875 0.084375 0.0984375
0 0.434375 0.5953125 0.08125 0.0921875
0 0.2421875 0.47734375 0.05625 0.0953125
0 0.20546875 0.45234375 0.0859375 0.10625
0 0.12890625 0.4296875 0.0796875 0.0984375
0 0.02265625 0.36875 0.03125 0.0859375
0 0.07421875 0.2 0.040625 0.0578125
0 0.190625 0.2265625 0.06875 0.0828125
0 0.33046875 0.30859375 0.0609375 0.075
0 0.42578125 0.32109375 0.06875 0.0796875
0 0.55078125 0.425 0.075 0.084375
0 0.6625 0.46953125 0.071875 0.08125
0 0.98203125 0.33828125 0.0359375 0.0765625
0 0.88828125 0.2984375 0.0640625 0.0859375
0 0.80703125 0.27578125 0.065625 0.0671875
0 0.69453125 0.1828125 0.0625 0.08125
0 0.63046875 0.175 0.05625 0.0796875
0 0.5171875 0.0953125 0.05625 0.078125
0 0.41953125 0.0921875 0.053125 0.0703125
0 0.3 0.03125 0.05 0.0625
0 0.19375 0.01953125 0.0625 0.0390625
0 0.48984375 0.0203125 0.0453125 0.040625
0 0.66484375 0.03828125 0.0375 0.03125
0 0.7625 0.0828125 0.05625 0.071875
0 0.89375 0.14765625 0.0578125 0.078125
0 0.98671875 0.14921875 0.0265625 0.0859375