0 0.09765625 0.13671875 0.0671875 0.10625
0 0.1765625 0.2078125 0.0578125 0.0921875
0 0.328125 0.12734375 0.0390625 0.065625
0 0.37109375 0.2125 0.0734375 0.121875
0 0.3984375 0.1375 0.0453125 0.0671875
0 0.43125 0.19609375 0.053125 0.090625
0 0.4421875 0.44765625 0.071875 0.10625
0 0.50546875 0.19921875 0.0421875 0.0703125
0 0.56015625 0.2015625 0.0421875 0.08125
0 0.59453125 0.21640625 0.05625 0.0953125
0 0.64140625 0.25546875 0.05 0.0796875
0 0.6765625 0.30234375 0.0625 0.0984375
0 0.7359375 0.33125 0.0703125 0.109375
0 0.80625 0.221875 0.0515625 0.0859375
2 0.85234375 0.23046875 0.046875 0.0671875
0 0.93359375 0.21796875 0.0578125 0.1
0 0.98046875 0.24921875 0.0390625 0.1015625
0 0.88671875 0.23359375 0.03125 0.059375