0 0.0421875 0.95390625 0.071875 0.0921875
0 0.121875 0.85546875 0.07109375 0.134375
1 0.165625 0.76875 0.05390625 0.11953125
2 0.0953125 0.48046875 0.05 0.0921875
0 0.2640625 0.50234375 0.0484375 0.11015625
0 0.26015625 0.221875 0.05703125 0.0921875
0 0.08359375 0.3265625 0.0453125 0.10625
0 0.02265625 0.28203125 0.03125 0.0859375
0 0.56328125 0.90546875 0.071875 0.12734375
0 0.51875 0.81015625 0.06484375 0.0984375
0 0.49921875 0.415625 0.06171875 0.10859375
0 0.48203125 0.22265625 0.0609375 0.090625
0 0.4875 0.0671875 0.05546875 0.07578125
0 0.66171875 0.2234375 0.0546875 0.11171875
0 0.64140625 0.48984375 0.05390625 0.103125
0 0.7484375 0.22109375 0.059375 0.11640625
0 0.82265625 0.1390625 0.05703125 0.0875
0 0.89609375 0.31875 0.0671875 0.1015625
0 0.934375 0.6859375 0.0625 0.1015625