0 0.01015625 0.8375 0.0203125 0.128125
0 0.08046875 0.7515625 0.084375 0.1234375
1 0.134375 0.68671875 0.0671875 0.10625
2 0.0984375 0.4328125 0.0578125 0.08125
0 0.10703125 0.30234375 0.0546875 0.096875
0 0.053125 0.2578125 0.0484375 0.08125
2 0.1546875 0.015625 0.0625 0.03125
0 0.371875 0.05 0.06875 0.09375
0 0.30078125 0.24453125 0.065625 0.08125
0 0.26953125 0.47890625 0.0625 0.1015625
0 0.31328125 0.9296875 0.0875 0.103125
0 0.48828125 0.7765625 0.0796875 0.09375
0 0.52421875 0.86484375 0.090625 0.1171875
0 0.51875 0.4484375 0.0734375 0.103125
0 0.52890625 0.28828125 0.078125 0.0984375
0 0.55703125 0.15859375 0.0703125 0.084375
0 0.65546875 0.5359375 0.0640625 0.0921875
0 0.71171875 0.3125 0.06875 0.1015625
0 0.80078125 0.321875 0.075 0.10625
0 0.93046875 0.7375 0.0828125 0.0890625
0 0.93828125 0.42734375 0.0765625 0.0953125
0 0.8890625 0.26640625 0.059375 0.0828125
0 0.9046875 0.1515625 0.05625 0.0734375