1 0.0921875 0.41484375 0.184375 0.2671875
0 0.4125 0.64375 0.1859375 0.253125
0 0.51328125 0.78515625 0.1109375 0.1984375
0 0.65625 0.83828125 0.178125 0.2515625
0 0.8359375 0.7953125 0.134375 0.196875
0 0.7046875 0.43046875 0.0984375 0.15
0 0.78671875 0.39765625 0.096875 0.1359375
0 0.55390625 0.3078125 0.0703125 0.1078125
0 0.6234375 0.25859375 0.0796875 0.1078125
0 0.68515625 0.140625 0.0546875 0.0828125
0 0.7828125 0.1328125 0.0515625 0.0734375
0 0.61640625 0.11328125 0.053125 0.0765625
0 0.67578125 0.06796875 0.0421875 0.053125
0 0.7546875 0.06640625 0.0484375 0.0578125
0 0.8609375 0.07265625 0.0453125 0.046875