0 0.0546875 0.565625 0.1046875 0.2078125
0 0.05 0.2078125 0.065625 0.165625
0 0.1296875 0.06953125 0.078125 0.1390625
0 0.190625 0.49453125 0.090625 0.1984375
0 0.13515625 0.3765625 0.075 0.1578125
0 0.30234375 0.59609375 0.0859375 0.225
0 0.20546875 0.93671875 0.1125 0.0859375
0 0.3796875 0.91171875 0.1359375 0.16875
0 0.421875 0.34375 0.096875 0.1984375
0 0.346875 0.20703125 0.0828125 0.1703125
0 0.5578125 0.37890625 0.0796875 0.1640625
0 0.55546875 0.82890625 0.10625 0.1875
0 0.63125 0.615625 0.0875 0.2
0 0.62890625 0.32578125 0.0890625 0.1890625
0 0.7125 0.11015625 0.0734375 0.1546875
2 0.57578125 0.0625 0.0609375 0.1125
0 0.79921875 0.4421875 0.0796875 0.1671875
0 0.81875 0.73828125 0.11875 0.234375
0 0.87734375 0.7109375 0.0796875 0.1796875
0 0.98359375 0.503125 0.0328125 0.209375
0 0.97734375 0.21953125 0.0453125 0.1734375
0 0.896875 0.39140625 0.0875 0.1609375