2 0.1046875 0.27109375 0.071875 0.1453125
2 0.17578125 0.40546875 0.06875 0.1125
2 0.184375 0.59296875 0.075 0.1484375
2 0.23828125 0.23828125 0.0671875 0.14375
2 0.33671875 0.53359375 0.0828125 0.1765625
0 0.45546875 0.565625 0.1 0.2140625
2 0.55234375 0.271875 0.0625 0.1453125
2 0.62890625 0.65546875 0.0890625 0.1703125
2 0.63984375 0.47421875 0.0734375 0.140625
0 0.9234375 0.6265625 0.0890625 0.2015625
2 0.984375 0.3171875 0.0265625 0.1296875
2 0.7109375 0.103125 0.059375 0.115625
2 0.9125 0.1546875 0.046875 0.0859375
2 0.4890625 0.240625 0.0609375 0.1078125