0 0.12890625 0.21015625 0.03828125 0.06875
0 0.24609375 0.22421875 0.0515625 0.075
0 0.33984375 0.24375 0.03984375 0.05703125
0 0.4328125 0.1265625 0.05859375 0.096875
0 0.4875 0.17265625 0.03203125 0.04765625
0 0.5609375 0.18125 0.0484375 0.07578125
0 0.63125 0.37265625 0.04609375 0.0734375
0 0.6859375 0.1546875 0.05 0.0765625
0 0.7703125 0.2125 0.0484375 0.078125
0 0.8375 0.23203125 0.03046875 0.0546875
0 0.8796875 0.2328125 0.0421875 0.0609375
0 0.9046875 0.18359375 0.025 0.0421875
0 0.97421875 0.1578125 0.0515625 0.08203125