0 0.559375 0.625 0.125 0.1765625
0 0.090625 0.54921875 0.0140625 0.0375
0 0.21328125 0.5296875 0.0171875 0.034375
0 0.24765625 0.51328125 0.0265625 0.0390625
0 0.365625 0.525 0.0203125 0.040625
2 0.33125 0.49609375 0.028125 0.04375
0 0.42421875 0.4890625 0.021875 0.0421875
0 0.49140625 0.490625 0.025 0.0453125
0 0.66875 0.4859375 0.021875 0.0421875
0 0.71328125 0.4640625 0.0140625 0.0359375
0 0.7625 0.48984375 0.01875 0.0359375
0 0.89765625 0.31796875 0.0203125 0.0265625
0 0.98125 0.44609375 0.0109375 0.0296875
2 0.925 0.446875 0.021875 0.0390625
0 0.921875 0.38671875 0.0203125 0.03125