0 0.0453125 0.47421875 0.090625 0.2234375
0 0.2421875 0.29765625 0.11875 0.1671875
0 0.05078125 0.171875 0.046875 0.096875
0 0.33125 0.0484375 0.059375 0.096875
0 0.45625 0.3328125 0.071875 0.1203125
0 0.534375 0.265625 0.0515625 0.103125
0 0.64453125 0.29296875 0.05 0.115625
0 0.56640625 0.4921875 0.08125 0.1421875
0 0.57734375 0.73984375 0.0859375 0.15625
0 0.78515625 0.4875 0.0890625 0.125
0 0.64296875 0.0453125 0.0390625 0.06875
0 0.8890625 0.15078125 0.0484375 0.059375
0 0.9921875 0.2515625 0.015625 0.15625
0 0.4890625 0.0828125 0.03125 0.0765625