1 0.125 0.3984375 0.175 0.2828125
0 0.4328125 0.63125 0.1515625 0.275
0 0.52890625 0.77265625 0.0984375 0.20625
0 0.6578125 0.82578125 0.1578125 0.2546875
0 0.82578125 0.76484375 0.115625 0.221875
0 0.6953125 0.37734375 0.084375 0.159375
0 0.76953125 0.3390625 0.0796875 0.1328125
0 0.55625 0.25625 0.059375 0.11875
0 0.61328125 0.19296875 0.0640625 0.1078125
0 0.51171875 0.3265625 0.0796875 0.1078125
0 0.66796875 0.0703125 0.05 0.0765625
0 0.759375 0.05546875 0.0453125 0.0640625
0 0.603125 0.04765625 0.0453125 0.071875