0 0.07734375 0.26796875 0.046875 0.0921875
0 0.16171875 0.31875 0.046875 0.084375
0 0.3515625 0.30234375 0.05 0.09375
0 0.2984375 0.2375 0.0296875 0.0609375
0 0.36875 0.23515625 0.0296875 0.046875
0 0.40546875 0.28203125 0.04375 0.0671875
0 0.4328125 0.2546875 0.01875 0.05625
0 0.45546875 0.48203125 0.046875 0.0890625
0 0.47890625 0.27578125 0.03125 0.059375
0 0.528125 0.26875 0.03125 0.0671875
0 0.5625 0.28203125 0.04375 0.08125
0 0.61640625 0.309375 0.040625 0.075
0 0.65546875 0.33515625 0.046875 0.090625
0 0.7171875 0.359375 0.05625 0.1
0 0.72265625 0.21484375 0.0296875 0.071875
0 0.7734375 0.2609375 0.04375 0.075
2 0.81484375 0.26015625 0.040625 0.059375
0 0.8890625 0.23984375 0.0421875 0.071875
0 0.94609375 0.25859375 0.046875 0.0828125
0 0.84609375 0.25703125 0.025 0.046875