0 0.04140625 0.88359375 0.0671875 0.11484375
0 0.12578125 0.7859375 0.065625 0.11015625
1 0.16796875 0.715625 0.05078125 0.0953125
2 0.0953125 0.47890625 0.04453125 0.071875
0 0.084375 0.3546875 0.0390625 0.08828125
0 0.02578125 0.31953125 0.0359375 0.07421875
2 0.08125 0.046875 0.0484375 0.0796875
0 0.29765625 0.07421875 0.053125 0.0828125
0 0.259375 0.26953125 0.053125 0.071875
0 0.2640625 0.49765625 0.046875 0.090625
0 0.37421875 0.928125 0.07109375 0.1046875
0 0.51875 0.7484375 0.06484375 0.08046875
0 0.565625 0.82578125 0.071875 0.10234375
0 0.49765625 0.43046875 0.0578125 0.090625
0 0.48359375 0.27734375 0.0625 0.08671875
0 0.490625 0.14921875 0.05703125 0.07421875
0 0.640625 0.49296875 0.0484375 0.08203125
0 0.66015625 0.27265625 0.053125 0.090625
0 0.74765625 0.26875 0.0578125 0.09453125
0 0.93359375 0.64453125 0.06953125 0.075
0 0.89296875 0.346875 0.0609375 0.0828125
0 0.82265625 0.20234375 0.046875 0.07265625
0 0.8203125 0.08984375 0.0453125 0.06328125