0 0.05 0.2390625 0.05625 0.075
0 0.19375 0.2234375 0.046875 0.065625
0 0.278125 0.23515625 0.0421875 0.0734375
0 0.42890625 0.23046875 0.0484375 0.06875
0 0.478125 0.22421875 0.0375 0.059375
0 0.5140625 0.22109375 0.034375 0.06875
0 0.55390625 0.1640625 0.0375 0.0453125
0 0.53515625 0.2796875 0.0453125 0.065625
0 0.59765625 0.36015625 0.065625 0.096875
2 0.709375 0.2171875 0.05 0.0828125
0 0.71796875 0.39140625 0.0734375 0.11875
0 0.85546875 0.2 0.04375 0.0671875
0 0.83515625 0.36875 0.0609375 0.0765625
0 0.94921875 0.4921875 0.0953125 0.1484375
2 0.89609375 0.45703125 0.0421875 0.084375