0 0.21796875 0.06640625 0.028125 0.06875
0 0.1859375 0.1140625 0.04375 0.0765625
0 0.11796875 0.6390625 0.0875 0.15
0 0.30234375 0.51484375 0.06875 0.1359375
0 0.3859375 0.28671875 0.0609375 0.121875
0 0.421875 0.015625 0.0203125 0.028125
0 0.52890625 0.03203125 0.034375 0.053125
0 0.5171875 0.2203125 0.0578125 0.11875
0 0.55078125 0.40546875 0.0703125 0.1328125
0 0.6359375 0.21015625 0.0640625 0.1203125
2 0.7375 0.08046875 0.034375 0.0625
0 0.8046875 0.1140625 0.0390625 0.0859375
0 0.77578125 0.01015625 0.0296875 0.0203125
0 0.84609375 0.00859375 0.0359375 0.0171875
0 0.89765625 0.01875 0.0359375 0.0375