0 0.10234375 0.27578125 0.0546875 0.0703125
0 0.18828125 0.265625 0.0515625 0.0765625
0 0.334375 0.22109375 0.05625 0.075
0 0.38046875 0.20234375 0.04375 0.0640625
0 0.41484375 0.18984375 0.04375 0.071875
0 0.43984375 0.1234375 0.04375 0.05
0 0.45078125 0.2421875 0.0515625 0.06875
0 0.53359375 0.30390625 0.0765625 0.103125
2 0.6046875 0.13515625 0.0609375 0.0875
0 0.659375 0.303125 0.0859375 0.1265625
0 0.74296875 0.0796875 0.0515625 0.071875
0 0.7671875 0.25078125 0.06875 0.0828125
0 0.91171875 0.340625 0.1125 0.1578125
2 0.85 0.3203125 0.053125 0.0875