1 0.08046875 0.3484375 0.1609375 0.3
0 0.37578125 0.60859375 0.175 0.296875
0 0.46953125 0.7640625 0.1140625 0.221875
0 0.60390625 0.828125 0.1796875 0.275
0 0.784375 0.77265625 0.1328125 0.2390625
0 0.66796875 0.35546875 0.096875 0.1703125
0 0.7484375 0.31875 0.0921875 0.14375
0 0.5265625 0.21953125 0.06875 0.128125
0 0.590625 0.15625 0.0734375 0.115625
0 0.47578125 0.29140625 0.0890625 0.1171875
0 0.653125 0.04296875 0.0515625 0.05625
0 0.75 0.0421875 0.04375 0.0234375
0 0.584375 0.021875 0.0453125 0.0359375