2 0.10859375 0.0875 0.03984375 0.0640625
2 0.1765625 0.215625 0.046875 0.065625
2 0.1671875 0.3734375 0.0515625 0.07890625
0 0.13671875 0.55 0.05078125 0.071875
2 0.471875 0.15234375 0.040625 0.0671875
0 0.42890625 0.30625 0.05 0.0671875
0 0.46875 0.4015625 0.046875 0.065625
0 0.4453125 0.578125 0.053125 0.07890625
0 0.740625 0.0625 0.04375 0.06328125
0 0.8203125 0.16484375 0.05078125 0.065625
2 0.80625 0.28984375 0.04296875 0.05234375
2 0.703125 0.4265625 0.046875 0.071875
0 0.79296875 0.625 0.0484375 0.04375