0 0.04609375 0.484375 0.01953125 0.04609375
0 0.13359375 0.5484375 0.0359375 0.06640625
0 0.1828125 0.528125 0.05859375 0.11875
0 0.2296875 0.5015625 0.03359375 0.06796875
0 0.32109375 0.67734375 0.06015625 0.109375
0 0.046875 0.41953125 0.01328125 0.0234375
0 0.0921875 0.41875 0.01484375 0.02734375
0 0.1171875 0.425 0.02109375 0.03515625
0 0.13984375 0.4234375 0.01796875 0.03046875
0 0.29609375 0.4328125 0.02421875 0.05078125
0 0.3203125 0.45078125 0.0171875 0.03359375
0 0.33515625 0.51171875 0.0265625 0.04453125
0 0.3578125 0.409375 0.01484375 0.03359375
0 0.44296875 0.47421875 0.02734375 0.03984375
0 0.421875 0.6453125 0.0296875 0.04765625
0 0.49609375 0.465625 0.01953125 0.06015625
0 0.53671875 0.50078125 0.03046875 0.06640625
0 0.525 0.62421875 0.04140625 0.13359375
0 0.4640625 0.375 0.0171875 0.03515625
0 0.421875 0.3796875 0.02109375 0.03671875
0 0.64140625 0.50546875 0.040625 0.06640625
0 0.5765625 0.43515625 0.0234375 0.03359375
0 0.67734375 0.36796875 0.01484375 0.03359375
0 0.6640625 0.3296875 0.01484375 0.02890625
0 0.77734375 0.6953125 0.13203125 0.24921875
0 0.959375 0.4171875 0.03984375 0.0921875
0 0.87265625 0.45 0.02578125 0.05078125
0 0.07578125 0.596875 0.0171875 0.03984375
0 0.06328125 0.4109375 0.01328125 0.02734375