0 0.0984375 0.63828125 0.09375 0.196875
0 0.0390625 0.30234375 0.075 0.1578125
0 0.1015625 0.14453125 0.06875 0.1625
0 0.2171875 0.553125 0.0796875 0.1875
0 0.14921875 0.4484375 0.0671875 0.1484375
0 0.3359375 0.634375 0.0734375 0.2125
0 0.28828125 0.96484375 0.1046875 0.0703125
0 0.4484375 0.92109375 0.125 0.1578125
0 0.41484375 0.38046875 0.0859375 0.1875
0 0.32578125 0.26171875 0.0734375 0.1609375
0 0.546875 0.3953125 0.0703125 0.153125
0 0.6046875 0.82109375 0.0953125 0.1765625
0 0.646875 0.609375 0.0765625 0.190625
0 0.60625 0.3359375 0.078125 0.178125
0 0.65625 0.121875 0.065625 0.1453125
2 0.521875 0.09453125 0.0546875 0.10625
0 0.78203125 0.42265625 0.0703125 0.15625
0 0.83984375 0.7 0.1046875 0.2203125
0 0.89140625 0.66640625 0.06875 0.16875
0 0.97578125 0.4546875 0.0484375 0.2
0 0.93828125 0.18671875 0.0734375 0.1625
0 0.9484375 0.03984375 0.059375 0.0796875
0 0.86640625 0.3625 0.078125 0.1515625