0 0.11328125 0.24609375 0.06875 0.0953125
1 0.26171875 0.32421875 0.0578125 0.0796875
0 0.3765625 0.246875 0.0640625 0.09375
0 0.3484375 0.6703125 0.128125 0.2140625
0 0.41640625 0.46484375 0.1046875 0.1453125
0 0.571875 0.2546875 0.0375 0.065625
0 0.63203125 0.4484375 0.1109375 0.16875
1 0.72109375 0.221875 0.04375 0.075
0 0.73046875 0.3265625 0.0546875 0.08125
0 0.78984375 0.48359375 0.0703125 0.103125
0 0.83203125 0.31328125 0.0625 0.0890625
0 0.90234375 0.5765625 0.1390625 0.1828125
0 0.978125 0.2609375 0.04375 0.065625
0 0.92265625 0.25703125 0.0484375 0.0703125
0 0.0234375 0.55390625 0.046875 0.1234375