0 0.01171875 0.3109375 0.0234375 0.121875
0 0.04453125 0.27265625 0.0890625 0.1234375
0 0.19765625 0.11640625 0.0765625 0.1109375
0 0.21171875 0.33984375 0.078125 0.1265625
0 0.284375 0.27109375 0.0828125 0.121875
0 0.375 0.2578125 0.090625 0.128125
0 0.40859375 0.15625 0.0890625 0.1171875
0 0.49296875 0.196875 0.0921875 0.125
0 0.54765625 0.14140625 0.0953125 0.13125
0 0.6890625 0.1375 0.078125 0.109375
0 0.75 0.128125 0.078125 0.128125
0 0.840625 0.0671875 0.103125 0.134375
0 0.28359375 0.15078125 0.0828125 0.115625