0 0.03046875 0.85859375 0.0609375 0.1484375
1 0.075 0.77890625 0.0796875 0.1421875
2 0.04765625 0.44609375 0.071875 0.1109375
0 0.23203125 0.5 0.0734375 0.13125
0 0.27734375 0.1875 0.0796875 0.1125
0 0.0625 0.27265625 0.0703125 0.1265625
0 0.49765625 0.9609375 0.0921875 0.078125
0 0.4609375 0.88671875 0.0890625 0.1203125
0 0.50859375 0.4453125 0.0875 0.13125
0 0.52421875 0.228125 0.084375 0.1109375
0 0.5578125 0.05546875 0.075 0.09375
0 0.72421875 0.26015625 0.08125 0.134375
0 0.65390625 0.55234375 0.078125 0.125
0 0.8203125 0.2734375 0.0859375 0.140625
0 0.9171875 0.19453125 0.0796875 0.1078125
0 0.9609375 0.40625 0.078125 0.125
0 0.9328125 0.8203125 0.0625 0.1203125