2 0.1140625 0.890625 0.153125 0.21875
0 0.0421875 0.37109375 0.084375 0.2046875
0 0.09296875 0.33359375 0.0609375 0.103125
2 0.18046875 0.40078125 0.1359375 0.2125
0 0.30390625 0.69375 0.159375 0.2375
0 0.41015625 0.64296875 0.121875 0.178125
0 0.57421875 0.60859375 0.1890625 0.284375
0 0.4390625 0.3984375 0.071875 0.1734375
2 0.26796875 0.3296875 0.0953125 0.1640625
1 0.36796875 0.25546875 0.1 0.153125
2 0.51171875 0.19921875 0.0890625 0.140625
2 0.0703125 0.14921875 0.078125 0.121875
0 0.03203125 0.178125 0.053125 0.1015625
0 0.0984375 0.0734375 0.03125 0.046875
0 0.13125 0.1453125 0.0625 0.103125
0 0.31953125 0.271875 0.0625 0.125
0 0.26875 0.1578125 0.053125 0.0765625
0 0.20859375 0.10546875 0.0515625 0.0734375
0 0.25546875 0.0890625 0.059375 0.071875
0 0.28984375 0.04453125 0.0390625 0.04375
2 0.36796875 0.04609375 0.0515625 0.06875
0 0.41875 0.12734375 0.0625 0.1125
0 0.42109375 0.209375 0.0609375 0.1046875
1 0.57578125 0.06015625 0.0625 0.09375
2 0.559375 0.18046875 0.0453125 0.1125
0 0.6375 0.29375 0.0875 0.128125
0 0.6140625 0.06796875 0.04375 0.0859375
0 0.6625 0.46171875 0.04375 0.0921875
0 0.7484375 0.5140625 0.121875 0.2109375
0 0.8578125 0.72734375 0.18125 0.303125
0 0.81484375 0.15703125 0.0875 0.140625
2 0.94375 0.184375 0.0453125 0.1171875
0 0.86484375 0.12734375 0.0546875 0.121875
0 0.703125 0.2640625 0.071875 0.09375
0 0.74453125 0.0859375 0.06875 0.103125
0 0.7125 0.0140625 0.059375 0.028125