0 0.08359375 0.23515625 0.04609375 0.065625
0 0.1875 0.115625 0.0328125 0.05
0 0.2546875 0.2828125 0.04296875 0.06171875
0 0.36953125 0.08828125 0.03203125 0.0421875
0 0.4140625 0.146875 0.040625 0.06328125
0 0.5171875 0.35546875 0.053125 0.0875
0 0.4546875 0.0828125 0.0359375 0.05390625
0 0.51875 0.09140625 0.0328125 0.0515625
0 0.61875 0.265625 0.04375 0.06875
0 0.60625 0.2078125 0.03515625 0.05546875
2 0.4203125 0.07578125 0.0265625 0.03203125
2 0.5921875 0.10234375 0.02421875 0.040625
0 0.59921875 0.040625 0.02421875 0.03359375
0 0.66484375 0.13515625 0.03203125 0.0421875
2 0.628125 0.02421875 0.0234375 0.03671875
1 0.6953125 0.07578125 0.025 0.046875
0 0.74765625 0.0578125 0.03046875 0.0484375
0 0.7671875 0.06015625 0.0109375 0.03515625
2 0.72578125 0.05234375 0.01875 0.03515625
2 0.88046875 0.0578125 0.028125 0.03984375
0 0.953125 0.1 0.03125 0.0453125