0 0.0703125 0.98125 0.078125 0.0375
0 0.14921875 0.90234375 0.0875 0.153125
1 0.190625 0.80390625 0.0671875 0.1359375
2 0.090625 0.4921875 0.0609375 0.1046875
0 0.278125 0.503125 0.0609375 0.125
0 0.25234375 0.1953125 0.06875 0.10625
0 0.06640625 0.3234375 0.0578125 0.1203125
0 0.0078125 0.278125 0.015625 0.096875
0 0.6359375 0.921875 0.0890625 0.14375
0 0.5796875 0.821875 0.078125 0.1140625
0 0.528125 0.38984375 0.0765625 0.1234375
0 0.49453125 0.17890625 0.0734375 0.1046875
0 0.48984375 0.02578125 0.0640625 0.0515625
0 0.6921875 0.16640625 0.06875 0.1265625
0 0.68984375 0.46015625 0.0671875 0.1171875
0 0.78671875 0.15703125 0.0734375 0.1328125
0 0.8609375 0.0609375 0.06875 0.1
0 0.95078125 0.25390625 0.071875 0.115625
0 0.99296875 0.65390625 0.0140625 0.1140625