0 0.01953125 0.2734375 0.0390625 0.0875
0 0.06796875 0.3078125 0.0390625 0.0578125
0 0.2203125 0.2421875 0.040625 0.0671875
0 0.2875 0.23828125 0.0578125 0.0921875
0 0.32734375 0.246875 0.034375 0.0546875
0 0.38046875 0.2796875 0.04375 0.059375
0 0.4546875 0.271875 0.040625 0.05625
0 0.559375 0.303125 0.059375 0.0765625
0 0.60078125 0.1984375 0.0515625 0.0703125
0 0.70390625 0.21015625 0.0375 0.0578125
0 0.7421875 0.20390625 0.05 0.075
0 0.82890625 0.2921875 0.05625 0.0765625
0 0.9 0.22421875 0.0515625 0.084375
0 0.41015625 0.26171875 0.0234375 0.0390625