0 0.14296875 0.3 0.053125 0.06875
0 0.26796875 0.2875 0.053125 0.0734375
0 0.39140625 0.303125 0.065625 0.0859375
0 0.03515625 0.29453125 0.03125 0.053125
0 0.25546875 0.21875 0.0375 0.0546875
0 0.18359375 0.23359375 0.025 0.04375
0 0.3546875 0.24609375 0.0546875 0.0859375
0 0.83828125 0.234375 0.053125 0.0734375
0 0.66875 0.203125 0.0515625 0.0703125
0 0.56171875 0.22421875 0.05 0.071875
2 0.73359375 0.2203125 0.0453125 0.0921875
0 0.87265625 0.16171875 0.034375 0.05625
0 0.04140625 0.3484375 0.025 0.0609375