0 0.0328125 0.30390625 0.034375 0.0875
0 0.11328125 0.2796875 0.046875 0.0890625
0 0.25859375 0.62109375 0.03515625 0.0625
0 0.3046875 0.43828125 0.03828125 0.078125
0 0.34921875 0.36484375 0.0359375 0.0625
0 0.41796875 0.41015625 0.0421875 0.0640625
0 0.46640625 0.4078125 0.0328125 0.05703125
0 0.571875 0.37890625 0.0328125 0.065625
0 0.63828125 0.39296875 0.034375 0.065625
0 0.72265625 0.33046875 0.034375 0.0625
2 0.2203125 0.3390625 0.03671875 0.078125
2 0.31328125 0.35390625 0.02890625 0.0484375
2 0.5328125 0.390625 0.03125 0.06796875
2 0.39375 0.37109375 0.0359375 0.06796875