0 0.08984375 0.3015625 0.05625 0.08671875
1 0.24296875 0.359375 0.04765625 0.0734375
0 0.3453125 0.2703125 0.05234375 0.08515625
0 0.36796875 0.68359375 0.10234375 0.19765625
0 0.409375 0.4765625 0.0859375 0.13203125
0 0.534375 0.2546875 0.0296875 0.06015625
0 0.615625 0.43515625 0.08984375 0.1546875
1 0.67421875 0.20546875 0.034375 0.06875
0 0.696875 0.30546875 0.0453125 0.075
0 0.77265625 0.45078125 0.05703125 0.09453125
0 0.79296875 0.28046875 0.05234375 0.08125
0 0.8921875 0.528125 0.115625 0.16484375
0 0.9296875 0.21328125 0.03828125 0.06015625
0 0.87421875 0.21484375 0.03984375 0.06484375
0 0.028125 0.6109375 0.0546875 0.115625