0 0.37734375 0.43125 0.0796875 0.140625
0 0.4015625 0.19921875 0.0984375 0.090625
0 0.64140625 0.7015625 0.090625 0.184375
0 0.58515625 0.53046875 0.0625 0.153125
0 0.753125 0.24453125 0.0359375 0.05625
1 0.27265625 0.16015625 0.0421875 0.0671875
2 0.06953125 0.1328125 0.028125 0.04375
2 0.54921875 0.16796875 0.0390625 0.06875
2 0.828125 0.18125 0.0296875 0.065625
2 0.60234375 0.3796875 0.0515625 0.0765625
0 0.9640625 0.3609375 0.034375 0.05
2 0.98984375 0.39609375 0.0203125 0.0828125
2 0.98671875 0.53671875 0.0265625 0.1140625