0 0.021875 0.48984375 0.021875 0.05
0 0.11796875 0.55546875 0.040625 0.071875
0 0.16953125 0.53203125 0.0671875 0.1296875
0 0.2203125 0.5015625 0.0390625 0.0734375
0 0.3234375 0.68671875 0.06875 0.11875
0 0.0203125 0.41953125 0.015625 0.025
0 0.06953125 0.4171875 0.0171875 0.0296875
0 0.09609375 0.42421875 0.0234375 0.0390625
0 0.1203125 0.42109375 0.0203125 0.0328125
0 0.28828125 0.425 0.028125 0.05625
0 0.31484375 0.44375 0.0203125 0.0359375
0 0.3328125 0.5078125 0.03125 0.0484375
0 0.353125 0.39765625 0.0171875 0.0359375
0 0.446875 0.46328125 0.03125 0.04375
0 0.43125 0.6484375 0.034375 0.0515625
0 0.50390625 0.453125 0.021875 0.0640625
0 0.55 0.4890625 0.0359375 0.071875
0 0.540625 0.62109375 0.05 0.1453125
0 0.46640625 0.35625 0.0203125 0.0390625
0 0.421875 0.3640625 0.0234375 0.040625
0 0.66171875 0.490625 0.046875 0.071875
0 0.5890625 0.41796875 0.0265625 0.0375
0 0.69453125 0.34140625 0.0171875 0.0359375
0 0.67890625 0.3015625 0.0171875 0.03125
0 0.81484375 0.6890625 0.15 0.271875
0 0.98671875 0.38359375 0.021875 0.1
0 0.9078125 0.42265625 0.0296875 0.05625
0 0.0578125 0.609375 0.0203125 0.04375
0 0.03828125 0.4109375 0.015625 0.0296875