2 0.12109375 0.065625 0.04375 0.06875
2 0.190625 0.203125 0.0515625 0.0703125
2 0.178125 0.3703125 0.05625 0.084375
0 0.1421875 0.55625 0.0546875 0.0765625
2 0.50390625 0.14140625 0.0453125 0.071875
0 0.45625 0.30390625 0.0546875 0.071875
0 0.49609375 0.40625 0.0515625 0.0703125
0 0.46875 0.5921875 0.0578125 0.084375
0 0.790625 0.05078125 0.0484375 0.0671875
0 0.8734375 0.1609375 0.0546875 0.0703125
2 0.85703125 0.29375 0.046875 0.0578125
2 0.74375 0.43671875 0.0515625 0.0765625
0 0.8359375 0.64921875 0.053125 0.0484375