0 0.07265625 0.71953125 0.1328125 0.309375
2 0.41015625 0.0671875 0.0421875 0.0671875
0 0.30703125 0.065625 0.0609375 0.071875
0 0.03671875 0.0359375 0.05625 0.0421875
0 0.24765625 0.18203125 0.0578125 0.084375
0 0.33671875 0.190625 0.071875 0.103125
2 0.58046875 0.2046875 0.04375 0.071875
2 0.54453125 0.26328125 0.0625 0.0875
0 0.678125 0.1375 0.0609375 0.096875
0 0.81875 0.1859375 0.05 0.0828125
0 0.77890625 0.47109375 0.0875 0.1078125
0 0.93125 0.340625 0.0640625 0.0859375
0 0.49453125 0.41875 0.071875 0.1140625