2 0.04140625 0.88125 0.0609375 0.0609375
2 0.0078125 0.61171875 0.015625 0.0796875
2 0.11640625 0.65078125 0.059375 0.0828125
2 0.02734375 0.50234375 0.0515625 0.071875
2 0.1703125 0.48828125 0.0640625 0.08125
2 0.07734375 0.35546875 0.0546875 0.075
2 0.1921875 0.3859375 0.0484375 0.053125
2 0.24921875 0.334375 0.05 0.065625
2 0.12265625 0.19453125 0.0484375 0.065625
2 0.17109375 0.15 0.0390625 0.0515625
2 0.290625 0.1984375 0.053125 0.071875
2 0.225 0.02421875 0.046875 0.0484375
2 0.3203125 0.05859375 0.05 0.06875
2 0.35703125 0.009375 0.0453125 0.01875
2 0.52734375 0.096875 0.0296875 0.05
0 0.61328125 0.09921875 0.034375 0.053125
0 0.66796875 0.096875 0.0359375 0.0515625
2 0.58671875 0.1328125 0.0421875 0.05625
2 0.5765625 0.19765625 0.040625 0.0546875
0 0.52890625 0.30234375 0.0421875 0.053125
2 0.55546875 0.36640625 0.034375 0.0578125
2 0.51953125 0.4171875 0.0359375 0.0578125
2 0.50078125 0.5140625 0.0484375 0.0671875
2 0.4515625 0.61015625 0.0546875 0.06875
2 0.4703125 0.7 0.046875 0.0578125
2 0.43359375 0.90234375 0.046875 0.0515625
2 0.43359375 0.98359375 0.0515625 0.0328125
2 0.40078125 0.9734375 0.025 0.0359375
0 0.58515625 0.48125 0.046875 0.0625
2 0.60859375 0.53359375 0.0546875 0.0765625
2 0.64140625 0.43203125 0.05 0.0671875
2 0.61328125 0.41875 0.0390625 0.059375
2 0.6484375 0.221875 0.0296875 0.0484375
2 0.665625 0.25234375 0.04375 0.059375
2 0.734375 0.12734375 0.040625 0.0578125
2 0.70703125 0.284375 0.04375 0.0578125
2 0.76171875 0.2859375 0.0359375 0.05
2 0.73671875 0.40390625 0.05 0.0640625
2 0.66640625 0.59375 0.0421875 0.05
2 0.57109375 0.7390625 0.0453125 0.06875
2 0.5984375 0.80390625 0.0546875 0.075
2 0.64765625 0.81171875 0.0515625 0.071875
2 0.69765625 0.62890625 0.0515625 0.0734375
2 0.76328125 0.1859375 0.040625 0.0515625
2 0.8140625 0.16328125 0.03125 0.046875
2 0.81796875 0.10234375 0.034375 0.040625
2 0.88359375 0.14921875 0.0328125 0.04375
2 0.8484375 0.17890625 0.0359375 0.040625
2 0.86953125 0.234375 0.040625 0.0484375
2 0.82890625 0.34296875 0.0484375 0.05625
2 0.859375 0.325 0.025 0.053125
2 0.7984375 0.4484375 0.046875 0.0546875
2 0.81875 0.50859375 0.05 0.065625
2 0.84453125 0.52265625 0.0296875 0.05
2 0.8046875 0.63203125 0.05 0.065625
2 0.7609375 0.78203125 0.0515625 0.0578125
2 0.7640625 0.9390625 0.053125 0.06875
2 0.93203125 0.16328125 0.0265625 0.0359375