0 0.05703125 0.6328125 0.109375 0.2078125
0 0.17421875 0.896875 0.1609375 0.20625
0 0.26796875 0.509375 0.0875 0.13125
0 0.178125 0.52109375 0.0640625 0.08125
0 0.24296875 0.3625 0.0625 0.09375
0 0.3765625 0.38828125 0.0609375 0.1125
0 0.33046875 0.353125 0.0375 0.05625
0 0.45859375 0.52421875 0.09375 0.146875
0 0.61328125 0.38203125 0.090625 0.146875
0 0.78515625 0.31640625 0.0671875 0.1140625
0 0.796875 0.61015625 0.121875 0.171875
0 0.92265625 0.8890625 0.1546875 0.1625
0 0.9234375 0.340625 0.0546875 0.0875
0 0.984375 0.4234375 0.028125 0.0796875
0 0.9890625 0.72421875 0.021875 0.2515625
0 0.6921875 0.40859375 0.0546875 0.0859375
0 0.97890625 0.3078125 0.0171875 0.05625