2 0.14921875 0.84375 0.1171875 0.21328125
2 0.06484375 0.5890625 0.103125 0.1390625
0 0.04453125 0.390625 0.08125 0.09765625
0 0.140625 0.3703125 0.0890625 0.1671875
0 0.20859375 0.34609375 0.040625 0.08359375
2 0.275 0.4140625 0.09375 0.17265625
0 0.3453125 0.6796875 0.11328125 0.1921875
0 0.44296875 0.6484375 0.0859375 0.14375
0 0.5875 0.63984375 0.1328125 0.2296875
0 0.496875 0.44296875 0.0421875 0.14609375
2 0.35859375 0.3640625 0.06484375 0.13359375
1 0.453125 0.31171875 0.0703125 0.12421875
2 0.5828125 0.28125 0.06171875 0.1140625
2 0.2109375 0.18515625 0.05390625 0.1
0 0.17421875 0.20546875 0.03515625 0.08359375
0 0.12265625 0.1390625 0.040625 0.075
0 0.0296875 0.2078125 0.0578125 0.1171875
1 0.0734375 0.19921875 0.03671875 0.075
0 0.1953125 0.04375 0.02734375 0.04765625
0 0.24375 0.11953125 0.021875 0.04609375
0 0.26328125 0.18984375 0.04296875 0.08359375
0 0.41015625 0.3203125 0.03984375 0.103125
0 0.3796875 0.21640625 0.03828125 0.0625
0 0.334375 0.16484375 0.03671875 0.05859375
0 0.3765625 0.15625 0.04296875 0.05703125
0 0.3328125 0.05625 0.02578125 0.05546875
0 0.2921875 0.06015625 0.0109375 0.0390625
0 0.3953125 0.0796875 0.02265625 0.04609375
0 0.41171875 0.115625 0.0296875 0.04609375
2 0.47890625 0.1234375 0.03828125 0.07265625
0 0.51171875 0.2078125 0.0421875 0.0921875
0 0.5046875 0.2796875 0.040625 0.08515625
0 0.51640625 0.05078125 0.01328125 0.0515625
0 0.578125 0.059375 0.021875 0.040625
0 0.63671875 0.040625 0.02734375 0.053125
1 0.6546875 0.1703125 0.04375 0.0765625
2 0.62578125 0.27109375 0.02578125 0.09453125
0 0.6796875 0.37734375 0.06171875 0.103125
0 0.68671875 0.18125 0.028125 0.07109375
2 0.6984375 0.06171875 0.02109375 0.04453125
0 0.68125 0.52421875 0.028125 0.0765625
0 0.74765625 0.57890625 0.08203125 0.17265625
0 0.81640625 0.775 0.12265625 0.24765625
0 0.84765625 0.28125 0.06015625 0.1140625
2 0.95546875 0.3203125 0.025 0.1
0 0.8953125 0.2625 0.034375 0.1015625
0 0.73984375 0.359375 0.05234375 0.075
0 0.796875 0.2125 0.04921875 0.08359375
0 0.78046875 0.11328125 0.0453125 0.0875
1 0.82734375 0.0890625 0.0296875 0.08203125
0 0.91171875 0.128125 0.0203125 0.06015625