0 0.08125 0.528125 0.0625 0.1359375
0 0.28046875 0.46875 0.053125 0.1109375
0 0.33984375 0.5265625 0.075 0.1078125
0 0.3875 0.38359375 0.0546875 0.1
2 0.440625 0.39765625 0.06875 0.115625
0 0.51796875 0.50546875 0.096875 0.16875
2 0.4859375 0.30078125 0.0578125 0.0890625
2 0.565625 0.275 0.0640625 0.1109375
2 0.69765625 0.31796875 0.0609375 0.1
0 0.68203125 0.44140625 0.0625 0.1078125
0 0.75234375 0.41171875 0.0671875 0.1265625
0 0.89296875 0.309375 0.05625 0.0953125
1 0.80625 0.453125 0.0828125 0.1296875
2 0.95859375 0.3359375 0.0625 0.1125
2 0.16875 0.39921875 0.0375 0.0625
2 0.81328125 0.2984375 0.0390625 0.0671875
0 0.928125 0.2671875 0.034375 0.0578125