0 0.078125 0.20859375 0.075 0.115625
0 0.16171875 0.284375 0.0734375 0.1078125
0 0.38046875 0.3078125 0.0765625 0.1171875
0 0.334375 0.22265625 0.046875 0.075
0 0.41484375 0.2359375 0.04375 0.0609375
0 0.4453125 0.296875 0.0640625 0.0859375
0 0.48203125 0.271875 0.034375 0.06875
0 0.45859375 0.53515625 0.0734375 0.1109375
0 0.53046875 0.30546875 0.0484375 0.0734375
0 0.5875 0.309375 0.05 0.0828125
0 0.6234375 0.33125 0.06875 0.1015625
0 0.67890625 0.375 0.0609375 0.0921875
0 0.71640625 0.4125 0.075 0.1140625
0 0.78203125 0.45390625 0.084375 0.125
0 0.8203125 0.290625 0.05 0.0875
0 0.86640625 0.35390625 0.0640625 0.09375
2 0.91328125 0.3625 0.0578125 0.075
0 0.98515625 0.3546875 0.0296875 0.090625
0 0.95 0.365625 0.0375 0.059375