0 0.0375 0.1140625 0.0296875 0.06875
0 0.09609375 0.0453125 0.03125 0.065625
0 0.12578125 0.146875 0.03125 0.059375
0 0.21796875 0.13046875 0.040625 0.08125
0 0.2859375 0.16640625 0.0609375 0.090625
0 0.33828125 0.06875 0.0359375 0.0796875
0 0.39609375 0.07109375 0.028125 0.0640625
0 0.56015625 0.17265625 0.0484375 0.0953125
0 0.6453125 0.14375 0.0453125 0.103125
0 0.765625 0.15078125 0.065625 0.1234375
0 0.859375 0.17421875 0.0546875 0.1109375
0 0.9578125 0.14296875 0.04375 0.071875
2 0.95546875 0.459375 0.034375 0.078125