0 0.11640625 0.31484375 0.0640625 0.0796875
0 0.2421875 0.27890625 0.0671875 0.084375
0 0.37109375 0.2734375 0.08125 0.096875
0 0.0125 0.32890625 0.025 0.0578125
0 0.21796875 0.21171875 0.046875 0.0609375
0 0.1453125 0.23984375 0.0328125 0.046875
0 0.32421875 0.22109375 0.0703125 0.0953125
0 0.81875 0.12109375 0.0671875 0.084375
0 0.63828125 0.1203125 0.0640625 0.0796875
0 0.5328125 0.16015625 0.0625 0.08125
2 0.70859375 0.1265625 0.0625 0.1
0 0.840625 0.03984375 0.0453125 0.0609375
0 0.0203125 0.38359375 0.0359375 0.065625