0 0.11484375 0.484375 0.128125 0.18125
2 0.375 0.60625 0.2390625 0.3609375
0 0.0109375 0.3953125 0.021875 0.140625
1 0.021875 0.2 0.04375 0.125
2 0.10859375 0.34765625 0.084375 0.115625
0 0.15390625 0.25625 0.0796875 0.1015625
0 0.22109375 0.2125 0.0921875 0.1125
0 0.31796875 0.24140625 0.0765625 0.103125
0 0.38828125 0.30390625 0.09375 0.1328125
0 0.471875 0.29453125 0.0984375 0.1109375
2 0.325 0.10703125 0.059375 0.0875
0 0.21796875 0.06640625 0.028125 0.021875
0 0.63671875 0.353125 0.14375 0.19375
0 0.1140625 0.17578125 0.0671875 0.0859375
0 0.89921875 0.80078125 0.128125 0.225
0 0.83984375 0.39765625 0.14375 0.2109375
0 0.75 0.12578125 0.103125 0.13125
0 0.78203125 0.278125 0.0671875 0.1109375
0 0.67578125 0.0578125 0.0765625 0.115625
0 0.7640625 0.015625 0.05625 0.03125