0 0.0546875 0.13203125 0.07109375 0.13359375
0 0.1734375 0.1515625 0.08359375 0.14140625
0 0.18984375 0.415625 0.0859375 0.1515625
0 0.10546875 0.75546875 0.078125 0.1390625
0 0.315625 0.46171875 0.08671875 0.165625
0 0.29765625 0.81328125 0.0796875 0.11796875
0 0.51875 0.615625 0.08828125 0.178125
0 0.53125 0.903125 0.08125 0.1625
0 0.6 0.56796875 0.07578125 0.146875
0 0.734375 0.77734375 0.078125 0.1625
0 0.84609375 0.3203125 0.0796875 0.15390625
0 0.9703125 0.1828125 0.0578125 0.12109375
0 0.96640625 0.42421875 0.0671875 0.1484375
0 0.8375 0.62421875 0.078125 0.159375
0 0.9453125 0.71171875 0.09140625 0.1625
0 0.815625 0.92421875 0.08671875 0.1515625