0 0.04765625 0.26171875 0.0484375 0.078125
0 0.175 0.265625 0.0625 0.084375
0 0.278125 0.27890625 0.0484375 0.065625
0 0.3671875 0.14375 0.071875 0.109375
0 0.43046875 0.18828125 0.0390625 0.0546875
0 0.5109375 0.190625 0.059375 0.0859375
0 0.603125 0.38984375 0.05625 0.084375
0 0.64140625 0.15078125 0.0609375 0.0875
0 0.7375 0.2046875 0.059375 0.0890625
0 0.8125 0.21875 0.0375 0.0625
0 0.85703125 0.215625 0.0515625 0.06875
0 0.8796875 0.16015625 0.03125 0.046875
0 0.946875 0.1265625 0.0515625 0.0921875