2 0.065625 0.97421875 0.053125 0.0375
2 0.0921875 0.73671875 0.0453125 0.0765625
2 0.1109375 0.5625 0.05 0.075
2 0.00546875 0.45078125 0.0109375 0.06875
2 0.1109375 0.45703125 0.040625 0.046875
2 0.15703125 0.39375 0.040625 0.059375
2 0.01171875 0.28046875 0.0171875 0.059375
2 0.03984375 0.22578125 0.03125 0.046875
2 0.16953125 0.24921875 0.0421875 0.0671875
2 0.06640625 0.0828125 0.0375 0.0546875
2 0.16953125 0.10390625 0.0390625 0.0640625
2 0.1921875 0.02734375 0.0359375 0.0546875
2 0.384375 0.09765625 0.021875 0.0484375
0 0.4703125 0.08125 0.025 0.0515625
0 0.52421875 0.06796875 0.0265625 0.05
2 0.45078125 0.12109375 0.034375 0.0515625
2 0.45390625 0.18828125 0.03125 0.0515625
0 0.42890625 0.3015625 0.034375 0.0484375
2 0.46953125 0.359375 0.025 0.0546875
2 0.4453125 0.41875 0.0265625 0.0546875
2 0.44609375 0.51875 0.0375 0.0609375
2 0.41640625 0.625 0.04375 0.0625
2 0.4546875 0.71171875 0.0390625 0.0515625
2 0.46171875 0.92109375 0.040625 0.0453125
2 0.44453125 0.990625 0.01875 0.0171875
0 0.5234375 0.46875 0.0375 0.0578125
2 0.5578125 0.51640625 0.0421875 0.0703125
2 0.56875 0.4078125 0.040625 0.0609375
2 0.5375 0.4 0.0296875 0.0546875
2 0.53125 0.196875 0.021875 0.0453125
2 0.55390625 0.22265625 0.034375 0.05625
2 0.596875 0.084375 0.03125 0.0546875
2 0.603125 0.246875 0.034375 0.053125
2 0.6578125 0.2359375 0.0296875 0.0453125
2 0.6578125 0.36015625 0.040625 0.0578125
2 0.62890625 0.56328125 0.034375 0.04375
2 0.5640625 0.72890625 0.0328125 0.065625
2 0.60546875 0.7875 0.0421875 0.06875
2 0.65625 0.78515625 0.040625 0.0671875
2 0.66640625 0.5921875 0.040625 0.06875
2 0.63828125 0.1359375 0.0328125 0.046875
2 0.684375 0.103125 0.021875 0.04375
2 0.67421875 0.0421875 0.028125 0.0359375
2 0.75078125 0.07421875 0.025 0.040625
2 0.72109375 0.11171875 0.0296875 0.0359375
2 0.7546875 0.1625 0.0328125 0.04375
2 0.73671875 0.278125 0.040625 0.0515625
2 0.7640625 0.2546875 0.015625 0.053125
2 0.728125 0.390625 0.0390625 0.0484375
2 0.76171875 0.44609375 0.0390625 0.059375
2 0.790625 0.4546875 0.0203125 0.0484375
2 0.7734375 0.571875 0.040625 0.059375
2 0.7625 0.73125 0.04375 0.0515625
2 0.7984375 0.88671875 0.0421875 0.0625
2 0.81640625 0.96953125 0.0265625 0.040625
2 0.8015625 0.07890625 0.0203125 0.0328125