0 0.09140625 0.15390625 0.0828125 0.103125
0 0.23046875 0.1625 0.0890625 0.11875
0 0.3640625 0.1828125 0.09375 0.1203125
0 0.453125 0.240625 0.0796875 0.0859375
0 0.50703125 0.25546875 0.0859375 0.1171875
0 0.77578125 0.28125 0.09375 0.1609375
0 0.9109375 0.38046875 0.103125 0.1578125
0 0.909375 0.671875 0.1125 0.1703125
0 0.79921875 0.74296875 0.1125 0.1375
0 0.59296875 0.67890625 0.1 0.140625
0 0.5234375 0.54609375 0.103125 0.16875
0 0.31953125 0.60546875 0.11875 0.140625
0 0.1171875 0.46875 0.103125 0.15