2 0.1453125 0.25703125 0.0796875 0.1453125
2 0.2 0.39453125 0.0734375 0.1125
2 0.1890625 0.57734375 0.0828125 0.1484375
2 0.278125 0.2390625 0.075 0.14375
2 0.3421875 0.534375 0.0921875 0.1765625
0 0.45546875 0.578125 0.1109375 0.2140625
2 0.578125 0.303125 0.0703125 0.14375
2 0.61328125 0.6828125 0.096875 0.171875
2 0.64296875 0.50859375 0.08125 0.1421875
0 0.90078125 0.684375 0.1 0.2015625
2 0.9859375 0.39140625 0.028125 0.1296875
2 0.74921875 0.15703125 0.065625 0.115625
2 0.93984375 0.2265625 0.0515625 0.0859375
2 0.5203125 0.26640625 0.0671875 0.109375