0 0.0828125 0.9765625 0.034375 0.046875
0 0.1296875 0.903125 0.0890625 0.1296875
1 0.1625 0.82109375 0.0703125 0.1109375
2 0.04453125 0.57890625 0.059375 0.084375
0 0.01953125 0.44765625 0.0390625 0.1015625
0 0.19296875 0.11015625 0.071875 0.0984375
0 0.18515625 0.3265625 0.06875 0.0859375
0 0.22890625 0.5703125 0.065625 0.1046875
0 0.41484375 0.97578125 0.0859375 0.0484375
0 0.54453125 0.79609375 0.0828125 0.096875
0 0.6078125 0.87109375 0.09375 0.121875
0 0.46796875 0.459375 0.0765625 0.10625
0 0.4265625 0.29609375 0.08125 0.103125
0 0.4125 0.1578125 0.0734375 0.0890625
0 0.63203125 0.5015625 0.065625 0.096875
0 0.615625 0.26171875 0.071875 0.10625
0 0.70859375 0.2421875 0.078125 0.1109375
0 0.96328125 0.61328125 0.0734375 0.0921875
0 0.87734375 0.3015625 0.0796875 0.0984375
0 0.77734375 0.15859375 0.0625 0.0859375
0 0.75625 0.0375 0.059375 0.075