0 0.01015625 0.2140625 0.0203125 0.146875
0 0.10078125 0.21484375 0.109375 0.159375
0 0.1609375 0.4859375 0.1140625 0.1703125
0 0.12890625 0.84921875 0.103125 0.15625
0 0.2984375 0.5125 0.1171875 0.184375
0 0.33671875 0.87734375 0.1015625 0.134375
0 0.53203125 0.6375 0.1203125 0.196875
0 0.58984375 0.91953125 0.10625 0.1546875
0 0.609375 0.575 0.1015625 0.1640625
0 0.78125 0.76875 0.10625 0.1796875
0 0.821875 0.2796875 0.10625 0.171875
0 0.92109375 0.11875 0.0671875 0.13125
0 0.95625 0.36875 0.08125 0.1609375
0 0.86328125 0.59453125 0.10625 0.1765625
0 0.96328125 0.6671875 0.0734375 0.18125
0 0.88515625 0.88671875 0.1078125 0.128125