0 0.0328125 0.240625 0.0546875 0.08125
0 0.0890625 0.2796875 0.0328125 0.05390625
0 0.2421875 0.228125 0.03359375 0.06328125
0 0.3078125 0.23125 0.05 0.08671875
0 0.3453125 0.2421875 0.02890625 0.05078125
0 0.3953125 0.27890625 0.0375 0.05625
0 0.46796875 0.27734375 0.0359375 0.05234375
0 0.5671875 0.31640625 0.05234375 0.0703125
0 0.61640625 0.21875 0.0453125 0.06484375
0 0.715625 0.23828125 0.03125 0.05390625
0 0.75390625 0.2359375 0.0421875 0.0703125
0 0.83046875 0.3296875 0.0484375 0.0703125
0 0.90546875 0.26875 0.04375 0.0796875
0 0.425 0.26328125 0.0203125 0.0359375