0 0.66875 0.65859375 0.121875 0.18828125
0 0.803125 0.559375 0.13203125 0.1953125
0 0.9421875 0.4546875 0.059375 0.1046875
0 0.828125 0.25859375 0.065625 0.08515625
0 0.93125 0.22109375 0.034375 0.06875
0 0.68671875 0.36484375 0.07890625 0.1109375
0 0.63125 0.1984375 0.04296875 0.07578125
0 0.56328125 0.4515625 0.07265625 0.1125
0 0.36875 0.45703125 0.07265625 0.121875
0 0.509375 0.36328125 0.06015625 0.078125
0 0.2515625 0.41953125 0.0609375 0.07578125
0 0.11875 0.52734375 0.07265625 0.11796875
0 0.0515625 0.38203125 0.0546875 0.0796875
0 0.23984375 0.22265625 0.05703125 0.07109375
0 0.3578125 0.16953125 0.05234375 0.07578125
0 0.478125 0.21875 0.02890625 0.0578125
0 0.5328125 0.25703125 0.034375 0.06015625
0 0.1421875 0.1734375 0.05703125 0.07421875