0 0.0859375 0.47265625 0.04453125 0.128125
0 0.284375 0.4390625 0.0390625 0.103125
0 0.334375 0.50234375 0.0609375 0.09765625
0 0.396875 0.3703125 0.0421875 0.0921875
2 0.44609375 0.38984375 0.05390625 0.10703125
0 0.5078125 0.503125 0.07578125 0.15546875
2 0.5015625 0.303125 0.04609375 0.08125
2 0.58125 0.28671875 0.05 0.10234375
2 0.70234375 0.34375 0.0484375 0.0921875
0 0.6734375 0.4609375 0.0484375 0.1
0 0.74375 0.440625 0.0515625 0.11640625
0 0.89140625 0.35859375 0.04375 0.0875
1 0.790625 0.4859375 0.0671875 0.11875
2 0.9578125 0.39140625 0.06171875 0.103125
2 0.18515625 0.359375 0.0296875 0.05703125
2 0.815625 0.3390625 0.03046875 0.0625
0 0.9296875 0.321875 0.0265625 0.053125