0 0.1453125 0.9890625 0.115625 0.021875
0 0.253125 0.92109375 0.0984375 0.134375
0 0.359375 0.8390625 0.1859375 0.271875
0 0.5375 0.6640625 0.1171875 0.19375
0 0.275 0.3 0.0640625 0.0890625
0 0.33125 0.14453125 0.0515625 0.06875
0 0.384375 0.284375 0.0515625 0.08125
0 0.44296875 0.153125 0.040625 0.0546875
0 0.54609375 0.14765625 0.0515625 0.0734375
0 0.5640625 0.390625 0.0546875 0.08125
0 0.73828125 0.56640625 0.14375 0.19375
0 0.73046875 0.15546875 0.0484375 0.065625
2 0.86015625 0.296875 0.0515625 0.0703125
2 0.634375 0.18359375 0.0515625 0.0734375
2 0.45390625 0.503125 0.06875 0.0921875