0 0.57265625 0.5515625 0.1328125 0.18125
0 0.03046875 0.31875 0.025 0.040625
0 0.1296875 0.3703125 0.015625 0.0375
0 0.25390625 0.38046875 0.01875 0.0359375
0 0.29140625 0.371875 0.0296875 0.0390625
0 0.4046875 0.409375 0.021875 0.0421875
2 0.37734375 0.3734375 0.03125 0.0453125
0 0.47109375 0.3875 0.025 0.04375
0 0.5359375 0.40390625 0.028125 0.0453125
0 0.7109375 0.43984375 0.0234375 0.04375
0 0.759375 0.428125 0.015625 0.0359375
0 0.8015625 0.4640625 0.0203125 0.0375
0 0.97265625 0.32734375 0.021875 0.028125
2 0.97109375 0.459375 0.0234375 0.040625
0 0.98203125 0.4 0.021875 0.03125