0 0.09921875 0.46328125 0.1125 0.1765625
2 0.34609375 0.6171875 0.2046875 0.353125
0 0.00546875 0.35390625 0.0109375 0.1359375
1 0.02890625 0.1640625 0.0578125 0.121875
2 0.1109375 0.325 0.075 0.1125
0 0.1671875 0.23828125 0.0703125 0.0984375
0 0.23984375 0.203125 0.0828125 0.1078125
0 0.334375 0.24375 0.0671875 0.0984375
0 0.396875 0.315625 0.0828125 0.1296875
0 0.48125 0.31640625 0.0890625 0.10625
2 0.3578125 0.11015625 0.0515625 0.0859375
0 0.25234375 0.04609375 0.03125 0.0359375
0 0.34765625 0.0234375 0.028125 0.0171875
0 0.640625 0.39609375 0.1265625 0.1875
0 0.0078125 0.1953125 0.015625 0.1
0 0.1375 0.15234375 0.0609375 0.0828125
0 0.8453125 0.8625 0.1015625 0.1953125
0 0.83828125 0.46484375 0.125 0.20625
0 0.78203125 0.18125 0.0921875 0.1265625
0 0.79453125 0.3390625 0.05625 0.109375
0 0.71640625 0.10234375 0.065625 0.1203125
0 0.81328125 0.04765625 0.05 0.08125