0 0.0125 0.140625 0.0140625 0.06875
0 0.06171875 0.0703125 0.0296875 0.0640625
0 0.09453125 0.1703125 0.0296875 0.059375
0 0.1859375 0.15078125 0.0375 0.0796875
0 0.25390625 0.18359375 0.0578125 0.0890625
0 0.30234375 0.0859375 0.0328125 0.0796875
0 0.36015625 0.0859375 0.0265625 0.0625
0 0.5265625 0.18125 0.04375 0.09375
0 0.6109375 0.14921875 0.0421875 0.1015625
0 0.73046875 0.15234375 0.059375 0.121875
0 0.82421875 0.17109375 0.0515625 0.109375
0 0.92109375 0.13671875 0.040625 0.0703125
2 0.9296875 0.453125 0.03125 0.0765625