0 0.38125 0.80078125 0.1390625 0.2203125
0 0.4859375 0.128125 0.053125 0.1015625
2 0.68828125 0.09375 0.075 0.109375
0 0.61875 0.36171875 0.065625 0.1140625
2 0.22890625 0.090625 0.021875 0.0359375
2 0.2828125 0.09765625 0.021875 0.0390625
2 0.36796875 0.0578125 0.0234375 0.0328125
0 0.78046875 0.14453125 0.034375 0.04375
0 0.63046875 0.040625 0.0296875 0.04375
2 0.534375 0.034375 0.021875 0.046875
2 0.559375 0.00625 0.015625 0.0125
0 0.32578125 0.13046875 0.028125 0.0515625
0 0.33046875 0.1984375 0.053125 0.109375