0 0.03125 0.29765625 0.0625 0.1078125
0 0.24609375 0.659375 0.05 0.0765625
0 0.26953125 0.44609375 0.0546875 0.09375
0 0.30703125 0.35703125 0.05 0.0765625
0 0.39140625 0.396875 0.0578125 0.078125
0 0.4453125 0.38671875 0.046875 0.06875
0 0.559375 0.33671875 0.046875 0.0796875
0 0.6359375 0.34296875 0.0484375 0.0796875
0 0.721875 0.25859375 0.0484375 0.075
2 0.15859375 0.34765625 0.0546875 0.09375
2 0.26484375 0.35 0.040625 0.059375
2 0.5171875 0.35625 0.0453125 0.08125
2 0.35859375 0.35625 0.0515625 0.08125