2 0.04609375 0.37109375 0.08125 0.13125
2 0.07265625 0.20859375 0.078125 0.1078125
0 0.16015625 0.20078125 0.06875 0.0875
2 0.21484375 0.28125 0.065625 0.096875
0 0.26640625 0.19765625 0.0671875 0.103125
2 0.19765625 0.10703125 0.0765625 0.1265625
0 0.01953125 0.57734375 0.0390625 0.1703125
2 0.06171875 0.6546875 0.1140625 0.18125
2 0.121875 0.7953125 0.1140625 0.1921875
0 0.2328125 0.878125 0.1390625 0.184375
0 0.29453125 0.49453125 0.0984375 0.1609375
0 0.3234375 0.30234375 0.0859375 0.1109375
2 0.35078125 0.10859375 0.05625 0.0875
0 0.45859375 0.13828125 0.0671875 0.115625
0 0.42578125 0.19765625 0.0515625 0.10625
0 0.51328125 0.14609375 0.0625 0.1046875
2 0.5921875 0.0953125 0.0609375 0.1
2 0.63359375 0.190625 0.0921875 0.140625
0 0.4125 0.43828125 0.0828125 0.1296875
0 0.371875 0.63515625 0.090625 0.128125
0 0.51484375 0.52265625 0.0953125 0.159375
2 0.36875 0.84296875 0.06875 0.1296875
2 0.30625 0.87421875 0.075 0.1859375
0 0.5078125 0.9421875 0.11875 0.115625
0 0.59765625 0.59765625 0.103125 0.153125
0 0.62421875 0.86640625 0.0890625 0.1859375
0 0.66484375 0.42890625 0.075 0.11875
0 0.7328125 0.57890625 0.0875 0.1390625
2 0.71640625 0.1 0.071875 0.1078125
2 0.69296875 0.2375 0.05625 0.0828125
2 0.765625 0.1421875 0.065625 0.096875
0 0.878125 0.11953125 0.0546875 0.096875
2 0.7875 0.26953125 0.065625 0.1
0 0.83046875 0.5703125 0.09375 0.103125
2 0.8484375 0.84765625 0.1140625 0.15625