0 0.1765625 0.27265625 0.0578125 0.08125
0 0.409375 0.2421875 0.071875 0.1109375
0 0.59375 0.2390625 0.0609375 0.09375
2 0.78828125 0.240625 0.0578125 0.0796875
2 0.98828125 0.26484375 0.0234375 0.075
2 0.66171875 0.009375 0.01875 0.01875
2 0.59375 0.01328125 0.015625 0.0265625
2 0.8609375 0.0875 0.0125 0.028125
2 0.78046875 0.0859375 0.015625 0.0234375
2 0.73984375 0.07734375 0.015625 0.025
0 0.44609375 0.0609375 0.01875 0.03125
2 0.371875 0.08125 0.015625 0.021875
2 0.2046875 0.059375 0.01875 0.0265625
2 0.1375 0.0625 0.021875 0.0359375
2 0.046875 0.0546875 0.015625 0.0328125