2 0.14453125 0.39765625 0.0765625 0.115625
2 0.165625 0.25234375 0.0671875 0.09375
0 0.24296875 0.24140625 0.0578125 0.0765625
2 0.29609375 0.31015625 0.05625 0.0828125
0 0.33671875 0.23359375 0.0546875 0.090625
2 0.271875 0.15625 0.0640625 0.109375
0 0.11640625 0.58203125 0.0671875 0.1515625
2 0.17734375 0.6484375 0.09375 0.1578125
2 0.2375 0.77109375 0.09375 0.16875
0 0.3375 0.86015625 0.121875 0.203125
0 0.3765625 0.4953125 0.0796875 0.140625
0 0.39296875 0.3234375 0.071875 0.096875
2 0.40859375 0.15 0.046875 0.075
0 0.50546875 0.171875 0.0546875 0.1015625
0 0.4796875 0.22578125 0.040625 0.09375
0 0.5546875 0.1765625 0.0515625 0.0921875
2 0.621875 0.128125 0.05 0.0875
2 0.66328125 0.21015625 0.0765625 0.121875
0 0.478125 0.440625 0.06875 0.1125
0 0.4515625 0.6171875 0.0765625 0.1125
0 0.5734375 0.51015625 0.078125 0.1390625
2 0.45859375 0.8015625 0.05625 0.1140625
2 0.4046875 0.8328125 0.059375 0.1640625
0 0.5828125 0.91640625 0.109375 0.1671875
0 0.64921875 0.5734375 0.0859375 0.1328125
0 0.6859375 0.81015625 0.0703125 0.1640625
0 0.7015625 0.41953125 0.0609375 0.103125
0 0.76875 0.54921875 0.071875 0.121875
2 0.7328125 0.125 0.059375 0.09375
2 0.7171875 0.2484375 0.0453125 0.071875
2 0.77734375 0.1609375 0.0546875 0.0828125
0 0.8765625 0.13515625 0.04375 0.0859375
2 0.803125 0.27265625 0.053125 0.0875
0 0.8546875 0.53828125 0.0796875 0.0890625
2 0.884375 0.7828125 0.0953125 0.1359375