0 0.71953125 0.74921875 0.1734375 0.2359375
0 0.88984375 0.66015625 0.1859375 0.246875
0 0.96328125 0.3203125 0.0734375 0.109375
0 0.7921875 0.41640625 0.1109375 0.1421875
0 0.759375 0.2171875 0.0625 0.09375
0 0.6359375 0.49375 0.103125 0.1421875
0 0.4125 0.46484375 0.1046875 0.153125
0 0.58984375 0.3828125 0.0828125 0.1
0 0.2859375 0.4015625 0.0828125 0.096875
0 0.11484375 0.5 0.1046875 0.1484375
0 0.06484375 0.321875 0.0765625 0.1015625
0 0.3078125 0.1734375 0.078125 0.0921875
0 0.45234375 0.13515625 0.0734375 0.0953125
0 0.58125 0.2125 0.04375 0.0703125
0 0.63671875 0.26640625 0.05 0.075
0 0.20546875 0.1 0.078125 0.0953125