0 0.06953125 0.965625 0.0671875 0.06875
0 0.16875 0.88203125 0.0875 0.128125
0 0.2828125 0.81171875 0.1625 0.2609375
0 0.478125 0.65546875 0.1 0.1875
0 0.2546875 0.26640625 0.05625 0.0859375
0 0.32734375 0.1171875 0.0453125 0.065625
0 0.365625 0.26171875 0.0453125 0.078125
0 0.4375 0.1375 0.0359375 0.0515625
0 0.540625 0.14375 0.0453125 0.0703125
0 0.5328125 0.38671875 0.046875 0.078125
0 0.68828125 0.5796875 0.1265625 0.184375
0 0.7234375 0.16875 0.04375 0.0625
2 0.83671875 0.325 0.0453125 0.0671875
2 0.62421875 0.18828125 0.0453125 0.0703125
2 0.41171875 0.4875 0.0609375 0.0875