0 0.046875 0.26796875 0.05 0.09921875
0 0.1078125 0.2484375 0.059375 0.09765625
0 0.2765625 0.14765625 0.04609375 0.09375
0 0.23828125 0.34375 0.04375 0.10390625
0 0.315625 0.3015625 0.05 0.09921875
0 0.396875 0.3109375 0.05625 0.10234375
0 0.4484375 0.23203125 0.05703125 0.0921875
0 0.51171875 0.2859375 0.05859375 0.09921875
0 0.571875 0.2515625 0.059375 0.10390625
0 0.69296875 0.28046875 0.04765625 0.0875
0 0.74765625 0.2859375 0.04375 0.10546875
0 0.8390625 0.25234375 0.06484375 0.1125
0 0.94375 0.2390625 0.05859375 0.10546875
0 0.3421875 0.1984375 0.05234375 0.0921875
0 0.98828125 0.3828125 0.02265625 0.08046875