0 0.0953125 0.01484375 0.034375 0.0296875
0 0.1765625 0.01015625 0.03125 0.0203125
0 0.34453125 0.05234375 0.0359375 0.0625
0 0.475 0.01875 0.034375 0.0375
0 0.07109375 0.14609375 0.040625 0.059375
0 0.16015625 0.12109375 0.0390625 0.053125
0 0.30390625 0.13125 0.0390625 0.0578125
0 0.31796875 0.20703125 0.0359375 0.0515625
0 0.24140625 0.2828125 0.040625 0.0515625
0 0.07265625 0.24453125 0.0453125 0.0625
0 0.02734375 0.31328125 0.021875 0.059375
0 0.08359375 0.37578125 0.04375 0.053125
0 0.071875 0.4515625 0.0390625 0.0671875
0 0.13359375 0.49296875 0.04375 0.0671875
0 0.13203125 0.5796875 0.0546875 0.0734375
0 0.0546875 0.78671875 0.0546875 0.06875
0 0.06640625 0.91796875 0.0546875 0.06875
0 0.18046875 0.8828125 0.0546875 0.0671875
0 0.3078125 0.5 0.05 0.0640625
0 0.3484375 0.35 0.0390625 0.05625
0 0.3203125 0.84296875 0.0578125 0.0828125
0 0.421875 0.5796875 0.0484375 0.0765625
0 0.54453125 0.09296875 0.034375 0.0390625
0 0.5625 0.15703125 0.0359375 0.0515625
0 0.6359375 0.11875 0.0359375 0.0515625
0 0.596875 0.2109375 0.0390625 0.053125
0 0.69921875 0.2109375 0.0375 0.0515625
0 0.66484375 0.27265625 0.0453125 0.0671875
0 0.60703125 0.43046875 0.04375 0.0640625
0 0.54453125 0.51953125 0.0453125 0.071875
0 0.68125 0.859375 0.05625 0.0828125
0 0.7921875 0.4234375 0.0453125 0.0703125
0 0.8 0.60859375 0.046875 0.0671875
0 0.85390625 0.07265625 0.0359375 0.0453125
0 0.884375 0.06171875 0.028125 0.0390625
2 0.99296875 0.11015625 0.0140625 0.0515625
0 0.90078125 0.15078125 0.0328125 0.04375
0 0.9875 0.41953125 0.025 0.0453125
0 0.9125 0.5640625 0.0453125 0.0671875
0 0.9078125 0.77578125 0.0390625 0.0625
0 0.93984375 0.83359375 0.05 0.065625