2 0.1234375 0.8984375 0.14375 0.203125
0 0.03046875 0.39375 0.0609375 0.203125
0 0.0640625 0.35625 0.0640625 0.103125
2 0.15390625 0.41796875 0.14375 0.215625
0 0.2921875 0.70390625 0.16875 0.2421875
0 0.39453125 0.646875 0.1296875 0.18125
0 0.55625 0.60546875 0.2 0.2890625
0 0.4109375 0.40234375 0.0796875 0.1734375
2 0.2375 0.34375 0.103125 0.165625
1 0.33203125 0.26328125 0.10625 0.15625
2 0.471875 0.20078125 0.0953125 0.1421875
2 0.0359375 0.1734375 0.071875 0.125
0 0.01171875 0.20546875 0.0234375 0.1015625
0 0.0546875 0.09765625 0.0328125 0.0453125
0 0.09140625 0.1671875 0.0671875 0.103125
0 0.2859375 0.2828125 0.0671875 0.125
0 0.22890625 0.17109375 0.05625 0.078125
0 0.16640625 0.1234375 0.0546875 0.075
0 0.21171875 0.1046875 0.0609375 0.0734375
0 0.24453125 0.059375 0.040625 0.0421875
2 0.32109375 0.05625 0.0546875 0.06875
0 0.3765625 0.134375 0.0671875 0.1140625
0 0.38359375 0.215625 0.0640625 0.10625
1 0.52890625 0.059375 0.0671875 0.096875
2 0.51875 0.18046875 0.05 0.1125
0 0.603125 0.28828125 0.0921875 0.1296875
0 0.5671875 0.06484375 0.046875 0.0859375
0 0.6359375 0.45390625 0.0484375 0.0921875
0 0.72421875 0.50078125 0.13125 0.2125
0 0.84453125 0.7078125 0.19375 0.30625
0 0.77109375 0.1421875 0.0921875 0.1421875
2 0.90078125 0.16328125 0.05 0.11875
0 0.8203125 0.11171875 0.0609375 0.121875
0 0.66640625 0.2546875 0.075 0.0953125
0 0.69765625 0.0765625 0.0734375 0.1046875
0 0.66171875 0.01015625 0.0609375 0.0203125