0 0.08359375 0.2046875 0.06875 0.1
0 0.053125 0.35234375 0.0796875 0.1015625
0 0.17734375 0.2875 0.1265625 0.178125
0 0.26484375 0.3328125 0.071875 0.0953125
0 0.5796875 0.18125 0.103125 0.1390625
0 0.8625 0.4078125 0.1484375 0.196875
0 0.91640625 0.55390625 0.0671875 0.09375
0 0.70859375 0.50234375 0.0671875 0.075
0 0.7703125 0.5 0.046875 0.0640625
0 0.29296875 0.24140625 0.0703125 0.0859375
0 0.95546875 0.47890625 0.0515625 0.065625
0 0.94453125 0.59296875 0.046875 0.071875
0 0.6109375 0.26796875 0.0546875 0.096875