0 0.3578125 0.4265625 0.084375 0.1390625
0 0.39296875 0.20234375 0.0984375 0.0921875
0 0.59921875 0.7015625 0.0953125 0.18125
0 0.5546875 0.5328125 0.0671875 0.15
0 0.73125 0.26484375 0.0359375 0.05625
1 0.26953125 0.15859375 0.04375 0.065625
2 0.075 0.121875 0.0296875 0.04375
2 0.53828125 0.1796875 0.040625 0.0671875
2 0.80625 0.20703125 0.03125 0.0640625
2 0.578125 0.3875 0.053125 0.075
0 0.92890625 0.3875 0.0359375 0.05
2 0.96953125 0.42578125 0.0546875 0.0828125
2 0.95078125 0.5609375 0.0484375 0.1125
2 0.990625 0.42265625 0.01875 0.0609375