0 0.01875 0.315625 0.0375 0.096875
0 0.10078125 0.2828125 0.0578125 0.1
0 0.2828125 0.63984375 0.0421875 0.0703125
0 0.31953125 0.4390625 0.046875 0.0875
0 0.36171875 0.35625 0.04375 0.0703125
0 0.4390625 0.4 0.05 0.071875
0 0.49140625 0.39453125 0.040625 0.0640625
0 0.6015625 0.3546875 0.040625 0.0734375
0 0.675 0.365625 0.0421875 0.0734375
0 0.7609375 0.2921875 0.040625 0.0703125
2 0.22109375 0.33828125 0.0453125 0.0875
2 0.321875 0.34765625 0.034375 0.053125
2 0.5609375 0.3703125 0.0390625 0.075
2 0.41015625 0.36015625 0.04375 0.0765625