0 0.04609375 0.2875 0.046875 0.084375
0 0.15625 0.3078125 0.06875 0.0921875
0 0.26875 0.2953125 0.0609375 0.0796875
0 0.33515625 0.33359375 0.06875 0.103125
0 0.48515625 0.38125 0.0671875 0.0953125
0 0.5171875 0.3390625 0.05 0.103125
0 0.6390625 0.37578125 0.0390625 0.059375
0 0.75 0.26796875 0.0765625 0.1171875
0 0.94765625 0.33046875 0.084375 0.1125
0 0.98671875 0.3640625 0.0265625 0.096875
2 0.66640625 0.3890625 0.053125 0.090625
2 0.38984375 0.39453125 0.0640625 0.0921875
2 0.23046875 0.3390625 0.0703125 0.1046875