1 0.11640625 0.44375 0.1890625 0.2484375
0 0.38203125 0.67734375 0.1859375 0.2359375
0 0.45859375 0.8125 0.115625 0.18125
0 0.58046875 0.87265625 0.1765625 0.234375
0 0.7453125 0.85234375 0.134375 0.18125
0 0.6625 0.515625 0.1 0.1375
0 0.73828125 0.49375 0.0953125 0.1265625
0 0.540625 0.3921875 0.0703125 0.0984375
0 0.60625 0.3546875 0.078125 0.1
0 0.67109375 0.25546875 0.0546875 0.0765625
0 0.76015625 0.2578125 0.0515625 0.0671875
0 0.61328125 0.225 0.053125 0.0703125
0 0.6703125 0.18984375 0.040625 0.05
0 0.740625 0.19609375 0.046875 0.0546875
0 0.83515625 0.209375 0.04375 0.046875
0 0.99609375 0.25625 0.0078125 0.0375