0 0.0359375 0.7171875 0.071875 0.1125
0 0.17265625 0.75078125 0.0875 0.1125
0 0.28984375 0.81328125 0.084375 0.1078125
0 0.4734375 0.9078125 0.0984375 0.1125
0 0.83203125 0.83359375 0.0875 0.1
0 0.7140625 0.6796875 0.0859375 0.1015625
0 0.96171875 0.55625 0.06875 0.08125
0 0.81640625 0.51796875 0.0546875 0.06875
0 0.57421875 0.66953125 0.08125 0.09375
0 0.43125 0.596875 0.078125 0.090625
0 0.24140625 0.48515625 0.053125 0.09375
0 0.203125 0.4609375 0.0828125 0.1046875
0 0.128125 0.43984375 0.0765625 0.0953125
0 0.02109375 0.38125 0.0328125 0.0859375
0 0.06875 0.2140625 0.0421875 0.0578125
0 0.1859375 0.23984375 0.065625 0.08125
0 0.32421875 0.3171875 0.059375 0.0734375
0 0.4171875 0.328125 0.065625 0.0765625
0 0.5421875 0.428125 0.0734375 0.0828125
0 0.65234375 0.4703125 0.0703125 0.0796875
0 0.97109375 0.33515625 0.046875 0.075
0 0.87109375 0.29765625 0.0625 0.0828125
0 0.790625 0.2765625 0.0625 0.065625
0 0.678125 0.18828125 0.0609375 0.0796875
0 0.61484375 0.18203125 0.0546875 0.078125
0 0.50390625 0.10546875 0.053125 0.075
0 0.4078125 0.103125 0.0515625 0.06875
0 0.28984375 0.04296875 0.0484375 0.065625
0 0.184375 0.028125 0.059375 0.05625
0 0.11953125 0.01171875 0.0421875 0.0234375
0 0.4765625 0.02578125 0.046875 0.0515625
0 0.64765625 0.03984375 0.0390625 0.0421875
0 0.74453125 0.08671875 0.0546875 0.0765625
0 0.8734375 0.15 0.05625 0.0765625
0 0.97578125 0.14921875 0.0484375 0.0828125