0 0.11015625 0.56328125 0.11171875 0.17265625
0 0.20546875 0.815625 0.121875 0.2
0 0.31640625 0.4734375 0.06640625 0.10703125
0 0.23828125 0.47734375 0.04921875 0.065625
0 0.30546875 0.34609375 0.04765625 0.07734375
0 0.41796875 0.378125 0.04453125 0.09296875
0 0.38125 0.34453125 0.02890625 0.04609375
0 0.47890625 0.5 0.06953125 0.1203125
0 0.62109375 0.38984375 0.06796875 0.1203125
0 0.77265625 0.346875 0.05078125 0.09453125
0 0.7609375 0.6 0.09296875 0.13984375
0 0.85859375 0.8875 0.14609375 0.203125
0 0.88984375 0.378125 0.03984375 0.07265625
0 0.9515625 0.45390625 0.04921875 0.0671875
0 0.95859375 0.71171875 0.0828125 0.2140625
0 0.68671875 0.41953125 0.0421875 0.0703125
0 0.953125 0.35390625 0.0375 0.046875