0 0.08828125 0.45078125 0.0515625 0.1296875
0 0.2875 0.428125 0.04375 0.1046875
0 0.334375 0.49375 0.065625 0.1
0 0.40390625 0.36484375 0.046875 0.09375
2 0.4515625 0.3875 0.059375 0.109375
0 0.5078125 0.50390625 0.084375 0.159375
2 0.51171875 0.303125 0.05 0.0828125
2 0.5921875 0.29140625 0.0546875 0.1046875
2 0.71015625 0.3546875 0.053125 0.0953125
0 0.675 0.4703125 0.053125 0.103125
0 0.746875 0.453125 0.0578125 0.11875
0 0.8984375 0.37890625 0.0484375 0.0890625
1 0.790625 0.50078125 0.0734375 0.121875
2 0.9625 0.415625 0.0671875 0.10625
2 0.19296875 0.34296875 0.0328125 0.0578125
2 0.8234375 0.35546875 0.034375 0.0640625
0 0.93828125 0.34453125 0.0296875 0.0546875