0 0.1046875 0.60078125 0.1265625 0.184375
0 0.2203125 0.85078125 0.1375 0.2125
0 0.30859375 0.49375 0.075 0.1140625
0 0.22890625 0.50234375 0.0546875 0.0703125
0 0.28828125 0.36328125 0.053125 0.0828125
0 0.40546875 0.38828125 0.053125 0.0984375
0 0.365625 0.35703125 0.0328125 0.0484375
0 0.47578125 0.50859375 0.0796875 0.1265625
0 0.61328125 0.38671875 0.0765625 0.1265625
0 0.76484375 0.33203125 0.0578125 0.1
0 0.7703125 0.590625 0.1046875 0.15
0 0.890625 0.8734375 0.1625 0.209375
0 0.8859375 0.3546875 0.0453125 0.0765625
0 0.95390625 0.428125 0.0546875 0.071875
0 0.965625 0.6921875 0.06875 0.225
0 0.68203125 0.41171875 0.0484375 0.075
0 0.9484375 0.32578125 0.0421875 0.0515625