0 0.06484375 0.2375 0.065625 0.096875
1 0.22265625 0.3109375 0.05625 0.08125
0 0.3375 0.225 0.0609375 0.09375
0 0.33125 0.66328125 0.1234375 0.2171875
0 0.38984375 0.44765625 0.1015625 0.1453125
0 0.53828125 0.221875 0.0359375 0.065625
0 0.6125 0.41953125 0.10625 0.1703125
1 0.690625 0.1796875 0.040625 0.075
0 0.70703125 0.28828125 0.053125 0.0828125
0 0.77734375 0.446875 0.0671875 0.1046875
0 0.8109375 0.26796875 0.0609375 0.0890625
0 0.89765625 0.5375 0.1359375 0.1828125
0 0.96171875 0.20625 0.0453125 0.0671875
0 0.9015625 0.2046875 0.046875 0.071875
0 0.0046875 0.5625 0.009375 0.121875