0 0.0078125 0.0984375 0.015625 0.084375
0 0.10859375 0.096875 0.109375 0.115625
0 0.16171875 0.36875 0.1203125 0.1859375
0 0.11328125 0.77109375 0.109375 0.1703125
0 0.31328125 0.40390625 0.121875 0.2015625
0 0.34140625 0.81015625 0.1078125 0.146875
0 0.5671875 0.5515625 0.1265625 0.2171875
0 0.62265625 0.88125 0.115625 0.1984375
0 0.65390625 0.4859375 0.1078125 0.1796875
0 0.8375 0.70703125 0.1125 0.1984375
0 0.90078125 0.16640625 0.1125 0.1875
0 0.934375 0.5171875 0.1125 0.1953125
0 0.9453125 0.8625 0.109375 0.18125