0 0.64609375 0.6953125 0.15625 0.209375
0 0.79765625 0.61953125 0.1671875 0.21875
0 0.95546875 0.5390625 0.078125 0.115625
0 0.87578125 0.32265625 0.08125 0.096875
0 0.98125 0.303125 0.0375 0.075
0 0.715625 0.40390625 0.0984375 0.125
0 0.68984375 0.228125 0.05625 0.0828125
0 0.5765625 0.46953125 0.09375 0.1265625
0 0.38125 0.43984375 0.0953125 0.1359375
0 0.53828125 0.37109375 0.0734375 0.0890625
0 0.27109375 0.3828125 0.0734375 0.0859375
0 0.11875 0.4671875 0.09375 0.13125
0 0.0765625 0.30859375 0.06875 0.0890625
0 0.29375 0.1828125 0.0703125 0.08125
0 0.42109375 0.15078125 0.065625 0.084375
0 0.53359375 0.22109375 0.0390625 0.0625
0 0.58125 0.26953125 0.0453125 0.0671875
0 0.20546875 0.11640625 0.0703125 0.084375