0 0.0609375 0.36328125 0.03125 0.05
0 0.13046875 0.4484375 0.0515625 0.0734375
0 0.1828125 0.4421875 0.0890625 0.13125
0 0.2359375 0.42734375 0.05 0.075
0 0.27890625 0.6234375 0.0875 0.1234375
0 0.07890625 0.29921875 0.01875 0.0265625
0 0.1234375 0.31015625 0.021875 0.03125
0 0.14609375 0.3234375 0.0296875 0.040625
0 0.16953125 0.32734375 0.0265625 0.034375
0 0.31953125 0.378125 0.0375 0.05625
0 0.33828125 0.4015625 0.0265625 0.0375
0 0.3359375 0.46484375 0.0375 0.0515625
0 0.38515625 0.3703125 0.0234375 0.0375
0 0.4515625 0.45625 0.0375 0.046875
0 0.38671875 0.61875 0.0421875 0.0546875
0 0.50625 0.46171875 0.034375 0.0640625
0 0.53671875 0.5078125 0.046875 0.0734375
0 0.4921875 0.625 0.075 0.1421875
0 0.4984375 0.36484375 0.0265625 0.0390625
0 0.45625 0.35859375 0.0296875 0.0421875
0 0.6375 0.5390625 0.0578125 0.075
0 0.5921875 0.45390625 0.03125 0.0390625
0 0.70859375 0.4140625 0.0234375 0.0375
0 0.70625 0.37421875 0.021875 0.0328125
0 0.7203125 0.76015625 0.19375 0.278125
0 0.96953125 0.53515625 0.0609375 0.1015625
0 0.878125 0.5453125 0.0375 0.05625
0 0.06015625 0.48046875 0.028125 0.04375
0 0.096875 0.2953125 0.0203125 0.03125