0 0.71328125 0.378125 0.0671875 0.1109375
0 0.88515625 0.27578125 0.05546875 0.10390625
0 0.64453125 0.2453125 0.06328125 0.12265625
0 0.3921875 0.4296875 0.059375 0.08359375
0 0.4328125 0.3421875 0.0515625 0.0859375
0 0.040625 0.3703125 0.07890625 0.23125
0 0.33203125 0.35390625 0.0453125 0.0671875
0 0.26953125 0.3234375 0.0515625 0.06484375
0 0.09375 0.31796875 0.0375 0.05390625
0 0.1984375 0.3140625 0.04140625 0.0515625
0 0.153125 0.28671875 0.02109375 0.0390625
0 0.51328125 0.28203125 0.02734375 0.04375