0 0.015625 0.0765625 0.03125 0.053125
0 0.09921875 0.0546875 0.0296875 0.0453125
0 0.2828125 0.08046875 0.0328125 0.0640625
0 0.41171875 0.021875 0.0328125 0.0375
0 0.0171875 0.22578125 0.034375 0.0609375
0 0.10390625 0.18515625 0.0375 0.0546875
0 0.25390625 0.16875 0.0359375 0.059375
0 0.28203125 0.24375 0.034375 0.053125
0 0.2171875 0.3359375 0.0390625 0.053125
0 0.0359375 0.328125 0.04375 0.0625
0 0.00546875 0.40703125 0.0109375 0.0609375
0 0.071875 0.46171875 0.0421875 0.053125
0 0.07265625 0.54140625 0.0375 0.06875
0 0.14375 0.57265625 0.040625 0.0671875
0 0.15859375 0.66328125 0.053125 0.0734375
0 0.11640625 0.88984375 0.0546875 0.0703125
0 0.15078125 0.99375 0.0515625 0.0125
0 0.2640625 0.965625 0.0546875 0.0671875
0 0.32578125 0.5484375 0.0484375 0.0625
0 0.340625 0.3859375 0.0375 0.05625
0 0.4015625 0.89921875 0.05625 0.084375
0 0.4578125 0.609375 0.046875 0.078125
0 0.49609375 0.0859375 0.0328125 0.0390625
0 0.52734375 0.15 0.034375 0.053125
0 0.59609375 0.0953125 0.034375 0.053125
0 0.571875 0.1984375 0.0375 0.0546875
0 0.678125 0.1796875 0.0359375 0.053125
0 0.653125 0.2484375 0.0421875 0.0671875
0 0.62265625 0.42265625 0.040625 0.065625
0 0.57421875 0.52578125 0.0421875 0.0734375
0 0.77734375 0.85078125 0.053125 0.084375
0 0.81328125 0.38203125 0.04375 0.071875
0 0.85390625 0.5703125 0.0453125 0.0671875
0 0.8125 0.015625 0.034375 0.03125
0 0.84140625 0.00546875 0.0265625 0.0109375
2 0.96640625 0.0234375 0.0203125 0.046875
0 0.87578125 0.08046875 0.03125 0.04375
0 0.96328125 0.50390625 0.0421875 0.0671875
0 0.9890625 0.7234375 0.021875 0.0625