0 0.0234375 0.26953125 0.046875 0.0734375
0 0.12421875 0.13671875 0.0375 0.0546875
0 0.20546875 0.31015625 0.05 0.0671875
0 0.3171875 0.09765625 0.0359375 0.046875
0 0.3671875 0.15703125 0.046875 0.06875
0 0.48984375 0.3734375 0.0609375 0.096875
0 0.40703125 0.0859375 0.040625 0.059375
0 0.47578125 0.0921875 0.0375 0.05625
0 0.5921875 0.271875 0.05 0.0765625
0 0.57578125 0.2109375 0.040625 0.0609375
2 0.3703125 0.08125 0.0296875 0.0359375
2 0.5546875 0.1 0.028125 0.0453125
0 0.55859375 0.0328125 0.028125 0.0375
0 0.63359375 0.13046875 0.0359375 0.046875
2 0.58828125 0.0171875 0.0265625 0.034375
1 0.6625 0.065625 0.0296875 0.0515625
0 0.71796875 0.04375 0.034375 0.053125
0 0.73828125 0.04453125 0.0140625 0.0375
2 0.69375 0.0390625 0.021875 0.0390625
2 0.859375 0.0359375 0.0328125 0.04375
0 0.93828125 0.07734375 0.0359375 0.05