1753881201116 0.0004714727891156462 0
1753881349980 0.0008852509183673469 1
1753881498762 0.0012361530476190476 2
1753881646616 0.001146058 3
1753881794603 0.001051744 4
1753881943249 0.00095743 5
1753882090182 0.0008631159999999999 6
1753882236859 0.000768802 7
1753882383778 0.000674488 8
1753882530679 0.000580174 9
1753882677602 0.00048586 10
1753882824573 0.0003915460000000001 11
1753882922063 0.0002972319999999999 12
1753882944021 0.00020291799999999998 13
1753882965985 0.00010860399999999998 14
