1 0.54296875 0.58359375 0.09921875 0.15078125
1 0.03125 0.44453125 0.01953125 0.034375
1 0.12734375 0.478125 0.00859375 0.0328125
1 0.23828125 0.47109375 0.01328125 0.0296875
1 0.27109375 0.45859375 0.021875 0.0328125
1 0.37578125 0.478125 0.01484375 0.0359375
2 0.346875 0.44921875 0.02265625 0.0375
1 0.43203125 0.45078125 0.0171875 0.0375
1 0.4921875 0.45703125 0.01953125 0.0390625
1 0.65234375 0.4671875 0.015625 0.0375
1 0.69453125 0.45078125 0.01015625 0.03125
1 0.7359375 0.47734375 0.0140625 0.03125
1 0.87109375 0.334375 0.0171875 0.02265625
1 0.9375 0.45625 0.0078125 0.0265625
2 0.8859375 0.45234375 0.0171875 0.034375
1 0.88828125 0.39765625 0.015625 0.0265625