1 0.08125 0.628125 0.103125 0.1984375
1 0.02265625 0.296875 0.0453125 0.159375
1 0.059375 0.1375 0.0765625 0.1640625
1 0.1953125 0.53828125 0.0875 0.1890625
1 0.121875 0.4375 0.0734375 0.1484375
1 0.31796875 0.6125 0.084375 0.2140625
1 0.28984375 0.9515625 0.1109375 0.096875
1 0.446875 0.9046875 0.134375 0.190625
1 0.3828125 0.35546875 0.09375 0.1890625
1 0.28828125 0.24296875 0.08125 0.1625
1 0.515625 0.3640625 0.0765625 0.15625
1 0.59453125 0.7828125 0.103125 0.178125
1 0.62578125 0.57109375 0.0859375 0.190625
1 0.571875 0.3015625 0.0875 0.1796875
1 0.609375 0.0859375 0.071875 0.146875
2 0.475 0.06640625 0.0609375 0.1078125
1 0.75078125 0.3796875 0.078125 0.159375
1 0.82265625 0.65078125 0.115625 0.2234375
1 0.871875 0.61484375 0.0765625 0.1703125
1 0.95859375 0.4 0.0828125 0.203125
1 0.89375 0.13671875 0.08125 0.1640625
1 0.89765625 0.015625 0.0640625 0.03125
1 0.83203125 0.3140625 0.0859375 0.153125
1 0.99140625 0.840625 0.0171875 0.215625