1 0.153125 0.14140625 0.0421875 0.075
1 0.1296875 0.19609375 0.059375 0.0859375
1 0.1640625 0.7421875 0.1171875 0.16875
1 0.32734375 0.58046875 0.096875 0.15
1 0.3671875 0.33125 0.084375 0.1359375
1 0.2859375 0.04296875 0.025 0.021875
1 0.34921875 0.0421875 0.028125 0.0453125
1 0.4625 0.0453125 0.0453125 0.0609375
1 0.4875 0.23828125 0.08125 0.1296875
1 0.5578125 0.41953125 0.0984375 0.1484375
1 0.60625 0.2046875 0.0890625 0.134375
2 0.68359375 0.05234375 0.046875 0.0703125
1 0.759375 0.0734375 0.0578125 0.0953125