1 0.0859375 0.30859375 0.0578125 0.0875
0 0.23984375 0.3640625 0.0484375 0.075
1 0.33984375 0.2734375 0.053125 0.0859375
1 0.3703125 0.6859375 0.10625 0.2
1 0.40703125 0.478125 0.0875 0.1328125
1 0.52890625 0.25390625 0.03125 0.0609375
1 0.6140625 0.4328125 0.0921875 0.15625
0 0.6671875 0.20234375 0.0359375 0.06875
1 0.6921875 0.30234375 0.046875 0.075
1 0.77109375 0.44609375 0.059375 0.0953125
1 0.78828125 0.27578125 0.053125 0.0828125
1 0.89140625 0.52109375 0.11875 0.1671875
1 0.92421875 0.20546875 0.0390625 0.0609375
1 0.86796875 0.20859375 0.040625 0.065625
1 0.0296875 0.61953125 0.05625 0.1171875