1 0.02265625 0.24921875 0.03046875 0.0703125
1 0.134375 0.11015625 0.06015625 0.1265625
1 0.259375 0.325 0.02109375 0.0703125
0 0.37265625 0.328125 0.02578125 0.0578125
1 0.4078125 0.14921875 0.034375 0.0921875
1 0.5171875 0.1703125 0.0265625 0.08359375
1 0.50625 0.22890625 0.02890625 0.0671875
1 0.65625 0.228125 0.0359375 0.06875
1 0.70625 0.23671875 0.0328125 0.0703125
1 0.771875 0.30078125 0.0171875 0.046875
1 0.81875 0.24765625 0.03671875 0.0703125
1 0.89296875 0.27265625 0.03046875 0.06328125
1 0.92734375 0.27421875 0.0265625 0.0671875