1 0.63671875 0.690625 0.15625 0.209375
1 0.7875 0.61796875 0.1671875 0.2171875
1 0.9453125 0.54140625 0.078125 0.1140625
1 0.86953125 0.32578125 0.08125 0.096875
1 0.97734375 0.30859375 0.0453125 0.0734375
1 0.709375 0.40390625 0.1 0.125
1 0.6875 0.22890625 0.05625 0.0828125
1 0.571875 0.46640625 0.09375 0.125
1 0.378125 0.43359375 0.0953125 0.134375
1 0.53515625 0.36796875 0.0734375 0.0890625
1 0.26953125 0.37421875 0.075 0.0859375
1 0.11796875 0.45546875 0.0953125 0.13125
1 0.07890625 0.2984375 0.0703125 0.0890625
1 0.29609375 0.178125 0.0703125 0.08125
1 0.42265625 0.1484375 0.065625 0.084375
1 0.53203125 0.21875 0.0390625 0.0625
1 0.57890625 0.26796875 0.0453125 0.065625
1 0.209375 0.11015625 0.0703125 0.084375