1 0.29921875 0.828125 0.1546875 0.2421875
1 0.59765625 0.15078125 0.0609375 0.109375
2 0.82109375 0.171875 0.084375 0.1203125
1 0.67265625 0.43359375 0.0734375 0.125
2 0.3390625 0.03984375 0.025 0.040625
2 0.39453125 0.0625 0.025 0.0421875
2 0.49453125 0.04375 0.025 0.0359375
1 0.903125 0.2515625 0.0375 0.0484375
1 0.775 0.1 0.0328125 0.0484375
2 0.67578125 0.06640625 0.025 0.05
2 0.71015625 0.0375 0.01875 0.0265625
1 0.4296875 0.10859375 0.0328125 0.0546875
1 0.41640625 0.18046875 0.0578125 0.1203125