1 0.13359375 0.253125 0.0515625 0.0703125
1 0.26484375 0.25546875 0.053125 0.075
1 0.3890625 0.28828125 0.0640625 0.0859375
1 0.02265625 0.2328125 0.028125 0.0546875
1 0.26015625 0.184375 0.0359375 0.0546875
1 0.1828125 0.190625 0.0234375 0.04375
1 0.35859375 0.225 0.053125 0.0859375
1 0.8609375 0.2734375 0.053125 0.075
1 0.6890625 0.21953125 0.05 0.071875
1 0.57578125 0.22734375 0.0484375 0.0734375
2 0.7546875 0.24609375 0.04375 0.09375
1 0.90703125 0.203125 0.0328125 0.05625
1 0.021875 0.290625 0.021875 0.0625