1 0.0109375 0.4171875 0.021875 0.10625
1 0.22578125 0.76015625 0.053125 0.0765625
1 0.23359375 0.5484375 0.0609375 0.0953125
1 0.26484375 0.45625 0.0546875 0.0765625
1 0.3515625 0.490625 0.0625 0.08125
1 0.4046875 0.47734375 0.05 0.0703125
1 0.51328125 0.4203125 0.0515625 0.0796875
1 0.58984375 0.4203125 0.053125 0.08125
1 0.66953125 0.33125 0.0515625 0.0765625
2 0.1171875 0.45859375 0.059375 0.0953125
2 0.2234375 0.453125 0.04375 0.059375
2 0.4734375 0.44140625 0.05 0.0828125
2 0.315625 0.453125 0.05625 0.0828125