1 0.34609375 0.78125 0.1125 0.20625
1 0.53046875 0.1328125 0.0421875 0.0953125
2 0.73359375 0.1234375 0.0625 0.1015625
1 0.6328125 0.378125 0.0515625 0.1078125
2 0.2828125 0.065625 0.0171875 0.03359375
2 0.33515625 0.07890625 0.01796875 0.03671875
2 0.4234375 0.05 0.01875 0.03046875
1 0.81796875 0.18515625 0.028125 0.03984375
1 0.6828125 0.06484375 0.02421875 0.040625
2 0.5890625 0.04765625 0.01640625 0.04453125
2 0.6171875 0.01484375 0.01328125 0.028125
1 0.37265625 0.115625 0.02265625 0.04765625
1 0.36953125 0.1828125 0.0390625 0.10390625