1 0.1890625 0.45078125 0.1 0.165625
2 0.41640625 0.61171875 0.18125 0.3328125
1 0.0671875 0.3453125 0.0765625 0.1328125
0 0.13203125 0.16171875 0.059375 0.115625
2 0.20625 0.3203125 0.0671875 0.1046875
1 0.26484375 0.240625 0.0640625 0.090625
1 0.3359375 0.209375 0.075 0.1
1 0.42421875 0.25390625 0.0609375 0.09375
1 0.48046875 0.325 0.0734375 0.121875
1 0.5609375 0.33046875 0.08125 0.0984375
2 0.453125 0.12578125 0.0453125 0.0796875
1 0.35546875 0.053125 0.028125 0.0484375
1 0.446875 0.0265625 0.0296875 0.0484375
1 0.709375 0.4140625 0.1140625 0.1765625
1 0.0953125 0.190625 0.046875 0.09375
1 0.23984375 0.15625 0.0546875 0.078125
1 0.5640625 0.00390625 0.01875 0.0078125
1 0.88203125 0.875 0.0890625 0.1921875
1 0.8953125 0.49140625 0.1109375 0.19375
1 0.85546875 0.21640625 0.0828125 0.1171875
1 0.859375 0.3671875 0.0484375 0.103125
1 0.79609375 0.13671875 0.05625 0.1125
1 0.8921875 0.08984375 0.04375 0.0765625