1 0.0640625 0.18125 0.0609375 0.103125
1 0.146875 0.24453125 0.059375 0.0953125
1 0.35 0.2484375 0.0625 0.1046875
1 0.30078125 0.17421875 0.0375 0.0671875
1 0.37578125 0.1796875 0.0359375 0.053125
1 0.40859375 0.2328125 0.053125 0.075
1 0.440625 0.20703125 0.0265625 0.0625
1 0.43984375 0.45 0.0609375 0.1
1 0.4875 0.23515625 0.040625 0.065625
1 0.53984375 0.2328125 0.0390625 0.0734375
1 0.575 0.25 0.05625 0.090625
1 0.62890625 0.2859375 0.05 0.0828125
1 0.6671875 0.3171875 0.0609375 0.1015625
1 0.73046875 0.35 0.0703125 0.1125
1 0.7515625 0.19765625 0.0390625 0.078125
1 0.8 0.2515625 0.0546875 0.0828125
2 0.84375 0.25546875 0.0484375 0.0671875
1 0.925 0.24296875 0.053125 0.0796875
1 0.9765625 0.26875 0.046875 0.09375
1 0.87734375 0.25546875 0.03125 0.053125