2 0.0375 0.134375 0.05 0.0703125
2 0.125 0.2546875 0.05625 0.0734375
2 0.1375 0.41484375 0.0640625 0.0875
1 0.13203125 0.59765625 0.0609375 0.0796875
2 0.4140625 0.14765625 0.0515625 0.0734375
1 0.39296875 0.309375 0.059375 0.075
1 0.446875 0.40078125 0.05625 0.0734375
1 0.4484375 0.5828125 0.0640625 0.0875
1 0.6734375 0.0265625 0.053125 0.053125
1 0.76875 0.11015625 0.0609375 0.0734375
2 0.77265625 0.2390625 0.0515625 0.059375
2 0.6875 0.3921875 0.0578125 0.0796875
1 0.80625 0.58046875 0.05625 0.0515625