1 0.05390625 0.02265625 0.05546875 0.04296875
1 0.32421875 0.06171875 0.05390625 0.07734375
1 0.25703125 0.17109375 0.05234375 0.0828125
2 0.4234375 0.06484375 0.04296875 0.07109375
1 0.34609375 0.18828125 0.0640625 0.1078125
1 0.0640625 0.6984375 0.11953125 0.30703125
2 0.590625 0.20859375 0.03671875 0.071875
2 0.5515625 0.26328125 0.05703125 0.084375
1 0.49375 0.41953125 0.07265625 0.1171875
1 0.68828125 0.1390625 0.05546875 0.09765625
1 0.8265625 0.19765625 0.0453125 0.0859375
1 0.77890625 0.478125 0.071875 0.1
1 0.93359375 0.35390625 0.0578125 0.0796875