2 0.17890625 0.965625 0.0578125 0.06875
2 0.04296875 0.73515625 0.04375 0.071875
2 0.1703125 0.72890625 0.05 0.075
2 0.04140625 0.62578125 0.04375 0.0671875
2 0.1640625 0.56640625 0.0546875 0.0734375
2 0.0390625 0.47890625 0.0453125 0.06875
2 0.1515625 0.46875 0.0421875 0.0484375
2 0.18515625 0.4046875 0.0421875 0.059375
2 0.0265625 0.3203125 0.040625 0.059375
2 0.05546875 0.26484375 0.0328125 0.046875
2 0.178125 0.26953125 0.0453125 0.065625
2 0.06171875 0.13046875 0.040625 0.0546875
2 0.159375 0.13515625 0.0421875 0.0625
2 0.17109375 0.0625 0.0390625 0.053125
2 0.35625 0.10234375 0.0234375 0.046875
1 0.43359375 0.07578125 0.028125 0.0484375
1 0.48125 0.05703125 0.0296875 0.0484375
2 0.4203125 0.11484375 0.0359375 0.0515625
2 0.43203125 0.1765625 0.034375 0.05
1 0.42421875 0.28515625 0.0359375 0.0484375
2 0.46875 0.3328125 0.028125 0.053125
2 0.453125 0.38984375 0.0296875 0.053125
2 0.46796875 0.4828125 0.040625 0.0609375
2 0.4546875 0.584375 0.046875 0.0625
2 0.50078125 0.6578125 0.040625 0.0515625
2 0.53359375 0.85078125 0.0421875 0.046875
2 0.56328125 0.946875 0.053125 0.075
2 0.52890625 0.934375 0.021875 0.0515625
1 0.53203125 0.42578125 0.0390625 0.05625
2 0.56953125 0.465625 0.0453125 0.06875
2 0.56640625 0.36328125 0.0421875 0.0609375
2 0.53671875 0.3609375 0.0328125 0.053125
2 0.50390625 0.17421875 0.0234375 0.04375
2 0.52890625 0.19609375 0.0359375 0.0546875
2 0.55 0.0625 0.034375 0.053125
2 0.5765625 0.2109375 0.0375 0.053125
2 0.62578125 0.1953125 0.03125 0.0453125
2 0.64140625 0.3078125 0.0421875 0.0578125
2 0.64140625 0.5 0.0359375 0.04375
2 0.603125 0.66015625 0.0375 0.0640625
2 0.6484375 0.709375 0.0453125 0.06875
2 0.69453125 0.70078125 0.04375 0.065625
2 0.6796875 0.52109375 0.04375 0.0671875
2 0.7203125 0.9390625 0.0390625 0.06875
2 0.59453125 0.1046875 0.034375 0.046875
2 0.63359375 0.06875 0.025 0.0421875
2 0.61640625 0.015625 0.0296875 0.03125
2 0.68984375 0.03359375 0.028125 0.0390625
2 0.66796875 0.071875 0.0296875 0.0359375
2 0.70546875 0.11328125 0.0359375 0.04375
2 0.7046875 0.22265625 0.040625 0.0515625
2 0.72578125 0.19765625 0.01875 0.05
2 0.7109375 0.32734375 0.040625 0.0484375
2 0.74921875 0.37421875 0.0421875 0.059375
2 0.7765625 0.37890625 0.0234375 0.046875
2 0.7765625 0.4890625 0.0421875 0.059375
2 0.7859375 0.6375 0.0453125 0.0515625
2 0.8390625 0.77578125 0.0453125 0.0625
2 0.86640625 0.84921875 0.028125 0.0390625
2 0.89453125 0.9359375 0.040625 0.04375
2 0.73828125 0.03046875 0.021875 0.0328125