1 0.04296875 0.3171875 0.05859375 0.08671875
1 0.0515625 0.46328125 0.0640625 0.0859375
1 0.15625 0.3734375 0.08671875 0.1546875
1 0.2484375 0.3953125 0.0515625 0.08203125
1 0.50703125 0.18125 0.0734375 0.1203125
1 0.825 0.32578125 0.1046875 0.1703125
1 0.909375 0.45078125 0.046875 0.08125
1 0.703125 0.45 0.05234375 0.06171875
1 0.7609375 0.43359375 0.03359375 0.0546875
1 0.253125 0.303125 0.05234375 0.07265625
1 0.928125 0.37109375 0.03828125 0.05625
1 0.9453125 0.48046875 0.0296875 0.06328125
1 0.55703125 0.253125 0.03203125 0.0890625