1 0.10859375 0.58828125 0.07890625 0.18125
1 0.06875 0.26796875 0.06328125 0.1453125
1 0.13671875 0.12265625 0.0578125 0.15078125
1 0.22578125 0.5140625 0.06640625 0.1734375
1 0.165625 0.41171875 0.05625 0.13671875
1 0.33359375 0.59609375 0.06015625 0.1984375
1 0.271875 0.93671875 0.09375 0.1265625
1 0.42734375 0.90078125 0.1109375 0.1984375
1 0.42109375 0.36015625 0.071875 0.1734375
1 0.34296875 0.24453125 0.06171875 0.14765625
1 0.5453125 0.38125 0.05859375 0.1421875
1 0.578125 0.78515625 0.08203125 0.16171875
1 0.6296875 0.58828125 0.06328125 0.17578125
1 0.6046875 0.328125 0.06640625 0.16484375
1 0.6625 0.128125 0.0546875 0.134375
2 0.53671875 0.09609375 0.04765625 0.09765625
1 0.76640625 0.41875 0.05859375 0.1453125
1 0.8078125 0.6828125 0.0890625 0.20390625
1 0.8578125 0.65390625 0.0578125 0.15625
1 0.965625 0.459375 0.06875 0.1875
1 0.92578125 0.20390625 0.06171875 0.15078125
1 0.94453125 0.05859375 0.053125 0.0890625
1 0.85 0.365625 0.0671875 0.13984375
1 0.97421875 0.890625 0.0484375 0.21875