1 0.56015625 0.56875 0.134375 0.1734375
1 0.01796875 0.54765625 0.028125 0.0390625
1 0.121875 0.559375 0.0171875 0.034375
1 0.23125 0.52578125 0.0203125 0.0328125
1 0.26015625 0.50625 0.0296875 0.0375
1 0.36875 0.50234375 0.0234375 0.0390625
2 0.334375 0.4796875 0.03125 0.0421875
1 0.41796875 0.46171875 0.025 0.040625
1 0.4796875 0.45390625 0.028125 0.04375
1 0.6421875 0.42734375 0.025 0.040625
1 0.68046875 0.4015625 0.0171875 0.0328125
1 0.728125 0.41875 0.0203125 0.034375
1 0.82890625 0.24453125 0.021875 0.0265625
1 0.9234375 0.35 0.0140625 0.028125
2 0.871875 0.35859375 0.025 0.0375
1 0.8609375 0.30390625 0.021875 0.0296875