1 0.04453125 0.34765625 0.065625 0.1015625
1 0.1390625 0.38125 0.065625 0.0953125
1 0.3265625 0.32734375 0.06875 0.103125
1 0.26015625 0.2734375 0.0421875 0.0671875
1 0.33046875 0.2578125 0.0390625 0.053125
1 0.3765625 0.296875 0.05625 0.0765625
1 0.39765625 0.2640625 0.0296875 0.0609375
1 0.46484375 0.48828125 0.065625 0.0984375
1 0.4484375 0.27578125 0.0421875 0.065625
1 0.49609375 0.26015625 0.04375 0.0734375
1 0.53359375 0.26640625 0.0609375 0.090625
1 0.59296875 0.28359375 0.0546875 0.0828125
1 0.63671875 0.30234375 0.065625 0.1
1 0.7046875 0.31484375 0.075 0.1109375
1 0.68125 0.16796875 0.04375 0.078125
1 0.74140625 0.2046875 0.0578125 0.0828125
2 0.78203125 0.19609375 0.0515625 0.0671875
1 0.853125 0.1609375 0.05625 0.0796875
1 0.9140625 0.16875 0.0640625 0.09375
1 0.81328125 0.1859375 0.0328125 0.0515625