1 0.09765625 0.32109375 0.0578125 0.0734375
1 0.18359375 0.3046875 0.0546875 0.078125
1 0.3265625 0.25 0.0609375 0.0765625
1 0.37109375 0.228125 0.046875 0.065625
1 0.40546875 0.21328125 0.046875 0.0734375
1 0.425 0.14453125 0.0453125 0.0515625
1 0.44453125 0.26328125 0.05625 0.071875
1 0.53203125 0.31875 0.0828125 0.10625
2 0.59140625 0.14453125 0.065625 0.090625
1 0.65859375 0.30859375 0.09375 0.1296875
1 0.72734375 0.07890625 0.05625 0.0734375
1 0.7625 0.24921875 0.0734375 0.0859375
1 0.91328125 0.3296875 0.121875 0.1625
2 0.8515625 0.3140625 0.0578125 0.0890625