1 0.0609375 0.80625 0.09375 0.146875
0 0.11953125 0.725 0.0734375 0.1296875
2 0.09296875 0.42109375 0.065625 0.1015625
1 0.26171875 0.47109375 0.065625 0.1203125
1 0.303125 0.1859375 0.0734375 0.103125
1 0.10703125 0.26328125 0.0640625 0.115625
1 0.05390625 0.2078125 0.0421875 0.0921875
1 0.49921875 0.928125 0.09375 0.140625
1 0.4703125 0.82421875 0.08125 0.1109375
1 0.51328125 0.4203125 0.0796875 0.11875
1 0.52734375 0.221875 0.0765625 0.1015625
1 0.5578125 0.06484375 0.06875 0.0859375
1 0.709375 0.2515625 0.0734375 0.121875
1 0.64609375 0.51796875 0.0703125 0.1140625
1 0.79765625 0.26328125 0.078125 0.128125
1 0.8859375 0.190625 0.071875 0.0984375
1 0.93203125 0.3859375 0.084375 0.1140625
1 0.91171875 0.76484375 0.0796875 0.1140625