1 0.015625 0.93671875 0.03125 0.0921875
1 0.08046875 0.8390625 0.08125 0.146875
0 0.13125 0.746875 0.0625 0.13125
2 0.065625 0.43359375 0.0578125 0.1015625
1 0.24609375 0.46328125 0.05625 0.1203125
1 0.253125 0.1609375 0.065625 0.1015625
1 0.05859375 0.26640625 0.053125 0.1171875
1 0.55390625 0.909375 0.0828125 0.140625
1 0.509375 0.8046875 0.0734375 0.109375
1 0.503125 0.37890625 0.0703125 0.11875
1 0.49296875 0.1703125 0.06875 0.1
1 0.50234375 0.021875 0.0609375 0.04375
1 0.6859375 0.178125 0.0625 0.121875
1 0.65390625 0.46328125 0.0609375 0.1140625
1 0.7796875 0.178125 0.06875 0.128125
1 0.86171875 0.09296875 0.065625 0.0953125
1 0.93515625 0.2890625 0.0765625 0.1125
1 0.9609375 0.6859375 0.06875 0.1109375