1 0.7 0.72265625 0.1828125 0.2421875
1 0.87578125 0.64140625 0.1953125 0.253125
1 0.9640625 0.30625 0.071875 0.1125
1 0.790625 0.39375 0.115625 0.1453125
1 0.76875 0.19296875 0.0671875 0.0953125
1 0.63046875 0.46328125 0.109375 0.1453125
1 0.409375 0.421875 0.1125 0.15625
1 0.590625 0.35 0.0875 0.103125
1 0.28671875 0.3515625 0.0875 0.1
1 0.1109375 0.44140625 0.1109375 0.1515625
1 0.07109375 0.2609375 0.078125 0.103125
1 0.32109375 0.12578125 0.08125 0.0953125
1 0.4671875 0.09453125 0.0765625 0.0984375
1 0.59140625 0.178125 0.046875 0.071875
1 0.64375 0.23515625 0.053125 0.0765625
1 0.22265625 0.04765625 0.0828125 0.0953125