2 0.2375 0.9 0.16875 0.2
2 0.0890625 0.68984375 0.1375 0.1640625
1 0.0359375 0.496875 0.071875 0.115625
1 0.1109375 0.4546875 0.1296875 0.1875
1 0.17265625 0.4140625 0.0609375 0.0921875
2 0.25546875 0.4640625 0.1359375 0.1953125
1 0.390625 0.7109375 0.159375 0.21875
1 0.4796875 0.65546875 0.121875 0.1640625
1 0.62109375 0.61171875 0.1890625 0.2609375
1 0.48203125 0.4390625 0.078125 0.1546875
2 0.32578125 0.39453125 0.096875 0.1484375
0 0.40625 0.31875 0.1 0.140625
2 0.528125 0.25703125 0.0890625 0.128125
2 0.13515625 0.25390625 0.078125 0.1125
1 0.10390625 0.2828125 0.05625 0.090625
1 0.0359375 0.2296875 0.059375 0.084375
0 0.01484375 0.30234375 0.0296875 0.0828125
1 0.08515625 0.1171875 0.0390625 0.0546875
1 0.1515625 0.18046875 0.0328125 0.0515625
1 0.18828125 0.2453125 0.0625 0.09375
1 0.36640625 0.33828125 0.065625 0.1125
1 0.31015625 0.24296875 0.053125 0.0703125
1 0.25234375 0.20234375 0.0515625 0.0671875
1 0.2921875 0.184375 0.05625 0.0671875
1 0.22421875 0.0953125 0.0390625 0.0609375
1 0.18515625 0.11015625 0.0203125 0.040625
1 0.29296875 0.10390625 0.034375 0.0515625
1 0.3171875 0.13515625 0.040625 0.053125
2 0.3859375 0.1265625 0.05625 0.08125
1 0.4390625 0.2015625 0.0640625 0.1015625
1 0.44921875 0.27421875 0.0625 0.0953125
1 0.4046875 0.04453125 0.025 0.0546875
1 0.46796875 0.03828125 0.0328125 0.046875
1 0.52109375 0.0171875 0.0390625 0.034375
0 0.571875 0.12890625 0.0625 0.0875
2 0.56796875 0.23671875 0.0484375 0.1
1 0.64765625 0.328125 0.0875 0.1171875
1 0.60625 0.13203125 0.0453125 0.078125
2 0.5875 0.0171875 0.03125 0.034375
1 0.68515625 0.4734375 0.046875 0.0828125
1 0.765625 0.51171875 0.1234375 0.1921875
1 0.88203125 0.6890625 0.1828125 0.275
1 0.79140625 0.19140625 0.0875 0.128125
2 0.90703125 0.20390625 0.05 0.1046875
1 0.8328125 0.1609375 0.0578125 0.109375
1 0.70234375 0.2953125 0.0703125 0.0875
1 0.72265625 0.1359375 0.06875 0.0953125
1 0.68125 0.04453125 0.065625 0.0890625
0 0.721875 0.025 0.05 0.05
1 0.8171875 0.028125 0.034375 0.05625