2 0.12421875 0.3015625 0.065625 0.134375
2 0.18828125 0.42890625 0.0625 0.10390625
2 0.19296875 0.6046875 0.06796875 0.1375
2 0.25 0.2734375 0.0609375 0.1328125
2 0.33671875 0.55078125 0.07578125 0.16328125
1 0.4484375 0.58359375 0.08984375 0.19921875
2 0.54296875 0.31015625 0.05625 0.134375
2 0.60859375 0.66953125 0.08046875 0.15859375
2 0.62265625 0.50078125 0.0671875 0.13125
1 0.88515625 0.646875 0.08046875 0.1875
2 0.9625 0.36015625 0.05390625 0.12109375
2 0.6953125 0.15546875 0.053125 0.10703125
2 0.8828125 0.20625 0.0421875 0.07890625
2 0.484375 0.2796875 0.05625 0.1