2 0.09140625 0.078125 0.04375 0.06875
2 0.16640625 0.2125 0.05 0.0703125
2 0.159375 0.3796875 0.05625 0.084375
1 0.1296875 0.565625 0.0546875 0.0765625
2 0.4765625 0.1390625 0.04375 0.071875
1 0.434375 0.30234375 0.053125 0.071875
1 0.478125 0.403125 0.05 0.0703125
1 0.45625 0.590625 0.05625 0.084375
1 0.75859375 0.0390625 0.046875 0.0671875
1 0.84453125 0.14609375 0.0546875 0.0703125
2 0.83203125 0.2796875 0.046875 0.05625
2 0.725 0.42578125 0.05 0.0765625
1 0.82421875 0.63359375 0.053125 0.046875