0 0.109375 0.53671875 0.1375 0.2203125
1 0.4265625 0.69375 0.1359375 0.209375
1 0.53515625 0.80390625 0.075 0.1671875
1 0.66875 0.83046875 0.128125 0.209375
1 0.821875 0.76796875 0.0953125 0.1625
1 0.65546875 0.46484375 0.06875 0.125
1 0.72265625 0.4234375 0.06875 0.1125
1 0.50546875 0.37734375 0.05 0.0890625
1 0.559375 0.3234375 0.0578125 0.0875
1 0.596875 0.21171875 0.0375 0.06875
1 0.6828125 0.190625 0.0375 0.059375
1 0.5328125 0.19609375 0.0375 0.0625
1 0.57890625 0.1484375 0.03125 0.04375
1 0.6484375 0.13515625 0.0359375 0.046875
1 0.74296875 0.125 0.034375 0.040625
1 0.92265625 0.12421875 0.025 0.03125