1 0.32421875 0.0125 0.0359375 0.025
1 0.05703125 0.08515625 0.015625 0.0578125
1 0.1359375 0.0609375 0.040625 0.0546875
1 0.28125 0.07265625 0.040625 0.059375
1 0.29453125 0.14921875 0.0375 0.053125
1 0.215625 0.225 0.0421875 0.053125
1 0.05234375 0.184375 0.0328125 0.0625
1 0.05390625 0.3171875 0.0453125 0.0546875
1 0.03984375 0.39453125 0.0421875 0.0703125
1 0.1015625 0.43671875 0.0453125 0.0671875
1 0.09921875 0.52578125 0.05625 0.075
1 0.02265625 0.734375 0.0453125 0.071875
1 0.0265625 0.87421875 0.053125 0.0828125
1 0.14296875 0.834375 0.0578125 0.06875
1 0.2796875 0.44765625 0.0515625 0.065625
1 0.3234375 0.29609375 0.040625 0.0578125
1 0.28671875 0.796875 0.0609375 0.0859375
1 0.39375 0.5296875 0.05 0.078125
1 0.528125 0.03828125 0.034375 0.040625
1 0.5453125 0.1046875 0.0375 0.053125
1 0.62109375 0.065625 0.0375 0.053125
1 0.57890625 0.16015625 0.040625 0.0546875
1 0.68359375 0.1609375 0.0390625 0.053125
1 0.646875 0.2234375 0.046875 0.06875
1 0.5859375 0.38203125 0.0453125 0.065625
1 0.5203125 0.471875 0.046875 0.0734375
1 0.653125 0.81875 0.0578125 0.0859375
1 0.77421875 0.37890625 0.0484375 0.071875
1 0.77890625 0.56640625 0.0484375 0.06875
2 0.98828125 0.07578125 0.0234375 0.0265625
1 0.8890625 0.103125 0.034375 0.04375
1 0.98046875 0.37890625 0.0375 0.046875
1 0.89453125 0.52421875 0.046875 0.06875
1 0.8859375 0.7390625 0.040625 0.0640625
1 0.91796875 0.79765625 0.0515625 0.0671875