1 0.10078125 0.86875 0.078125 0.1078125
1 0.22578125 0.9171875 0.075 0.103125
1 0.42421875 0.9671875 0.084375 0.0625
1 0.77265625 0.8703125 0.0796875 0.09375
1 0.934375 0.96796875 0.04375 0.0609375
1 0.6359375 0.73046875 0.0765625 0.0953125
1 0.86875 0.5765625 0.0625 0.0765625
1 0.71875 0.55625 0.0484375 0.065625
1 0.49296875 0.73828125 0.0734375 0.090625
1 0.340625 0.6828125 0.0703125 0.0859375
1 0.13671875 0.59453125 0.04375 0.0921875
1 0.09609375 0.575 0.0734375 0.0984375
1 0.02578125 0.5609375 0.0515625 0.090625
1 0.05 0.3546875 0.059375 0.0765625
1 0.19921875 0.415625 0.053125 0.0703125
1 0.29453125 0.41484375 0.059375 0.0734375
1 0.43203125 0.5 0.0671875 0.078125
1 0.54765625 0.52890625 0.0640625 0.075
1 0.99609375 0.41171875 0.0078125 0.0734375
1 0.85078125 0.35390625 0.040625 0.0734375
1 0.74609375 0.328125 0.0546875 0.0796875
1 0.6625 0.3171875 0.0578125 0.0609375
1 0.5390625 0.24140625 0.0546875 0.0765625
1 0.475 0.24296875 0.046875 0.075
1 0.353125 0.18046875 0.046875 0.0734375
1 0.25703125 0.18984375 0.0453125 0.065625
1 0.13046875 0.14453125 0.0421875 0.0640625
1 0.06875 0.025 0.03125 0.05
1 0.1703125 0.075 0.0453125 0.0640625
1 0.315625 0.0953125 0.040625 0.0671875
1 0.49296875 0.0828125 0.0390625 0.0671875
1 0.59296875 0.13203125 0.0484375 0.0734375
1 0.73046875 0.1796875 0.05 0.0734375
1 0.83984375 0.16640625 0.053125 0.0796875
1 0.965625 0.21953125 0.0484375 0.0703125
1 0.8828125 0.0609375 0.0421875 0.05
1 0.7953125 0.05703125 0.0484375 0.0625
1 0.68046875 0.0421875 0.0421875 0.0546875
1 0.534375 0.02109375 0.04375 0.0421875
1 0.45625 0.0171875 0.04375 0.034375
1 0.37890625 0.0078125 0.0421875 0.015625