1 0.19453125 0.45 0.07890625 0.14609375
2 0.39140625 0.61484375 0.14140625 0.2953125
1 0.09140625 0.3421875 0.06171875 0.11796875
0 0.165625 0.1796875 0.04609375 0.10234375
2 0.22109375 0.33046875 0.05390625 0.0921875
1 0.28203125 0.2625 0.0515625 0.0796875
1 0.34921875 0.23984375 0.06171875 0.08671875
1 0.4265625 0.2875 0.0484375 0.08125
1 0.47265625 0.3578125 0.05859375 0.1078125
1 0.54609375 0.36875 0.0671875 0.08515625
2 0.46328125 0.17265625 0.0359375 0.07109375
1 0.38046875 0.0984375 0.02265625 0.04375
1 0.465625 0.08046875 0.0234375 0.04375
1 0.67578125 0.4578125 0.0921875 0.1546875
1 0.13046875 0.203125 0.0359375 0.08359375
1 0.265625 0.1828125 0.0453125 0.06796875
1 0.5765625 0.05703125 0.015625 0.03125
1 0.79765625 0.9046875 0.06875 0.190625
1 0.840625 0.5421875 0.08671875 0.171875
1 0.82578125 0.2875 0.0671875 0.10234375
1 0.8171875 0.4265625 0.0375 0.0921875
1 0.778125 0.21015625 0.04375 0.10078125
1 0.86953125 0.17421875 0.034375 0.06796875