1 0.12421875 0.95859375 0.0890625 0.0828125
1 0.2015625 0.859375 0.0984375 0.1328125
1 0.30546875 0.77734375 0.1875 0.2703125
1 0.478125 0.60078125 0.11875 0.19375
1 0.2125 0.24609375 0.0640625 0.0890625
1 0.26640625 0.09140625 0.0515625 0.0671875
1 0.32109375 0.228125 0.0515625 0.0796875
1 0.3765625 0.0984375 0.040625 0.053125
1 0.47890625 0.09140625 0.0515625 0.071875
1 0.5 0.33046875 0.0546875 0.08125
1 0.67578125 0.5015625 0.14375 0.1921875
1 0.66171875 0.0953125 0.0484375 0.065625
2 0.79140625 0.2328125 0.053125 0.0703125
2 0.565625 0.125 0.0515625 0.071875
2 0.39375 0.44375 0.06875 0.090625