1 0.0546875 0.0171875 0.03125 0.034375
1 0.24140625 0.05390625 0.0328125 0.065625
1 0.37890625 0.01171875 0.0328125 0.0234375
1 0.0484375 0.14609375 0.0375 0.05625
1 0.2046875 0.14296875 0.0359375 0.059375
1 0.2265625 0.2234375 0.0359375 0.053125
1 0.15234375 0.31171875 0.0390625 0.053125
1 0.00703125 0.428125 0.0109375 0.053125
1 0.0546875 0.5484375 0.040625 0.06875
1 0.06171875 0.64375 0.053125 0.0765625
1 0.0125 0.87421875 0.025 0.0703125
1 0.1421875 0.959375 0.0546875 0.0578125
1 0.24375 0.540625 0.0484375 0.065625
1 0.2734375 0.375 0.0375 0.0578125
1 0.28984375 0.909375 0.05625 0.0875
1 0.375 0.61484375 0.0453125 0.0796875
1 0.46171875 0.07890625 0.0328125 0.040625
1 0.4875 0.146875 0.0359375 0.053125
1 0.5625 0.096875 0.0359375 0.053125
1 0.528125 0.2015625 0.0375 0.05625
1 0.63984375 0.19140625 0.0359375 0.053125
1 0.60859375 0.26171875 0.0421875 0.06875
1 0.5609375 0.4375 0.040625 0.065625
1 0.5015625 0.5390625 0.04375 0.075
1 0.68125 0.8921875 0.053125 0.0875
1 0.759375 0.4125 0.0453125 0.0734375
1 0.78515625 0.6109375 0.0453125 0.06875
1 0.7921875 0.03046875 0.034375 0.0421875
1 0.825 0.021875 0.0265625 0.0234375
2 0.95390625 0.0546875 0.0265625 0.053125
1 0.8515625 0.10703125 0.03125 0.0453125
1 0.97734375 0.3890625 0.034375 0.046875
1 0.903125 0.55234375 0.0421875 0.06875
1 0.91875 0.78125 0.0359375 0.0640625
1 0.9578125 0.840625 0.0484375 0.0671875