2 0.24765625 0.903125 0.1703125 0.19375
2 0.09921875 0.70078125 0.1359375 0.1625
1 0.03984375 0.5125 0.0796875 0.115625
1 0.11640625 0.46796875 0.1296875 0.1859375
1 0.17578125 0.4265625 0.0625 0.0921875
2 0.2578125 0.475 0.1359375 0.1921875
1 0.39609375 0.715625 0.1609375 0.2171875
1 0.48203125 0.66015625 0.121875 0.1625
1 0.6203125 0.61328125 0.1890625 0.2578125
1 0.48125 0.44609375 0.078125 0.153125
2 0.32578125 0.40546875 0.0984375 0.146875
0 0.40390625 0.32890625 0.1 0.1390625
2 0.52265625 0.265625 0.090625 0.1265625
2 0.13671875 0.26875 0.078125 0.1109375
1 0.10625 0.2984375 0.05625 0.090625
1 0.03828125 0.246875 0.059375 0.0828125
0 0.01640625 0.31796875 0.0328125 0.0828125
1 0.084375 0.1359375 0.0390625 0.053125
1 0.15078125 0.19609375 0.0328125 0.0515625
1 0.18828125 0.26015625 0.0640625 0.0921875
1 0.36484375 0.3484375 0.065625 0.1109375
1 0.30859375 0.25546875 0.053125 0.0703125
1 0.25078125 0.2171875 0.0515625 0.0671875
1 0.28984375 0.1984375 0.05625 0.065625
1 0.22109375 0.11171875 0.0390625 0.0609375
1 0.1828125 0.1265625 0.0203125 0.040625
1 0.28828125 0.11953125 0.034375 0.0515625
1 0.31328125 0.15 0.0421875 0.053125
2 0.38046875 0.13984375 0.05625 0.08125
1 0.434375 0.21328125 0.0640625 0.1
1 0.44609375 0.284375 0.0625 0.09375
1 0.39765625 0.059375 0.0265625 0.0546875
1 0.46015625 0.0515625 0.03125 0.0453125
1 0.5109375 0.0234375 0.040625 0.046875
0 0.56328125 0.13828125 0.0625 0.0859375
2 0.56171875 0.24453125 0.05 0.0984375
1 0.6421875 0.334375 0.0875 0.1171875
1 0.59765625 0.14140625 0.0453125 0.0765625
2 0.5765625 0.0234375 0.03125 0.046875
1 0.68125 0.4765625 0.046875 0.08125
1 0.7609375 0.5125 0.125 0.1890625
1 0.878125 0.68515625 0.184375 0.2734375
1 0.78046875 0.196875 0.0875 0.1265625
2 0.89453125 0.20625 0.05 0.103125
1 0.82109375 0.16640625 0.059375 0.1078125
1 0.69609375 0.30078125 0.0703125 0.0859375
1 0.7125 0.14375 0.06875 0.09375
1 0.67109375 0.05078125 0.0671875 0.096875
0 0.71015625 0.02890625 0.0515625 0.0578125
1 0.80234375 0.03125 0.0359375 0.0625