0 0.11796875 0.440625 0.13984375 0.2546875
1 0.43125 0.62890625 0.11875 0.24921875
1 0.5359375 0.753125 0.0734375 0.1890625
1 0.66328125 0.790625 0.12578125 0.228125
1 0.81484375 0.71640625 0.0890625 0.20234375
1 0.65390625 0.36484375 0.06484375 0.14453125
1 0.71953125 0.32109375 0.0640625 0.11953125
1 0.51015625 0.2640625 0.04453125 0.10859375
1 0.5578125 0.19921875 0.05078125 0.096875
1 0.47578125 0.33515625 0.065625 0.0953125
1 0.596875 0.07890625 0.03984375 0.06875
1 0.68203125 0.053125 0.03828125 0.0609375
1 0.53359375 0.06328125 0.0359375 0.0640625