1 0.08359375 0.7140625 0.1578125 0.3109375
1 0.31484375 0.42421875 0.0359375 0.065625
1 0.4015625 0.42578125 0.0421875 0.08125
1 0.53984375 0.32734375 0.0390625 0.0671875
1 0.11640625 0.46015625 0.01875 0.03125
1 0.43515625 0.38671875 0.0171875 0.03125
1 0.48515625 0.3828125 0.0203125 0.0390625
1 0.64140625 0.3421875 0.021875 0.028125
1 0.70703125 0.35546875 0.0359375 0.05625
1 0.89921875 0.27734375 0.19375 0.3484375
2 0.7328125 0.29921875 0.01875 0.0375
1 0.20078125 0.44296875 0.015625 0.0390625