1 0.03359375 0.5078125 0.0625 0.0828125
1 0.14375 0.48671875 0.065625 0.0875
1 0.23828125 0.43828125 0.0578125 0.075
1 0.30859375 0.45 0.065625 0.096875
1 0.45625 0.440625 0.0640625 0.090625
1 0.46875 0.39296875 0.046875 0.096875
1 0.58828125 0.384375 0.0359375 0.05625
1 0.6484375 0.25390625 0.071875 0.109375
1 0.8421875 0.24140625 0.0796875 0.10625
1 0.90625 0.2515625 0.065625 0.0921875
2 0.615625 0.38671875 0.0515625 0.084375
2 0.37734375 0.48359375 0.0609375 0.0859375
2 0.21953125 0.4890625 0.0671875 0.0984375