1 0.0171875 0.41171875 0.0328125 0.1421875
1 0.228125 0.37890625 0.0453125 0.115625
1 0.28203125 0.44921875 0.06875 0.109375
1 0.3546875 0.3046875 0.0484375 0.103125
2 0.409375 0.3265625 0.0609375 0.1203125
1 0.47578125 0.45390625 0.0875 0.1734375
2 0.471875 0.23046875 0.053125 0.090625
2 0.5609375 0.2140625 0.0578125 0.1140625
2 0.69453125 0.28046875 0.0546875 0.103125
1 0.66015625 0.41015625 0.05625 0.1125
1 0.7390625 0.38828125 0.059375 0.13125
1 0.9046875 0.3 0.05 0.0984375
0 0.78984375 0.43984375 0.0765625 0.1328125
2 0.97109375 0.3390625 0.0578125 0.115625
2 0.11953125 0.2875 0.034375 0.0640625
2 0.82109375 0.27734375 0.0359375 0.06875
1 0.94765625 0.2609375 0.0296875 0.059375