1 0.0828125 0.48984375 0.05 0.1328125
1 0.28671875 0.4484375 0.04375 0.1078125
1 0.33984375 0.5109375 0.065625 0.103125
1 0.4 0.37265625 0.046875 0.096875
2 0.4515625 0.39140625 0.059375 0.1125
1 0.51875 0.50625 0.084375 0.1640625
2 0.50546875 0.3 0.05 0.0859375
2 0.58671875 0.28046875 0.0546875 0.1078125
2 0.7140625 0.334375 0.053125 0.096875
1 0.68828125 0.45703125 0.053125 0.1046875
1 0.76015625 0.4328125 0.0578125 0.121875
1 0.909375 0.34296875 0.0484375 0.0921875
0 0.81015625 0.478125 0.0734375 0.125
2 0.971875 0.375 0.0515625 0.109375
2 0.18125 0.36953125 0.0328125 0.059375
2 0.83046875 0.32578125 0.0328125 0.065625
1 0.9484375 0.3046875 0.0296875 0.05625