2 0.04453125 0.36796875 0.078125 0.1234375
2 0.059375 0.20859375 0.06875 0.1
1 0.1421875 0.1921875 0.059375 0.0796875
2 0.20390625 0.26484375 0.05625 0.0890625
1 0.2453125 0.17890625 0.0546875 0.096875
2 0.16953125 0.0984375 0.0640625 0.1171875
1 0.028125 0.5703125 0.05625 0.1625
2 0.09453125 0.63828125 0.09375 0.16875
2 0.16640625 0.76796875 0.09375 0.1796875
1 0.28046875 0.86015625 0.121875 0.215625
1 0.30234375 0.46171875 0.0796875 0.15
1 0.31015625 0.27421875 0.0734375 0.1015625
2 0.31796875 0.084375 0.046875 0.0796875
1 0.42421875 0.10234375 0.0546875 0.109375
1 0.3984375 0.1625 0.040625 0.1
1 0.47734375 0.1046875 0.0515625 0.096875
2 0.5484375 0.04765625 0.05 0.09375
2 0.5984375 0.13515625 0.078125 0.1296875
1 0.41015625 0.39609375 0.06875 0.1203125
1 0.39140625 0.58984375 0.078125 0.11875
1 0.5171875 0.465625 0.078125 0.1484375
2 0.409375 0.7890625 0.0546875 0.121875
2 0.35234375 0.82578125 0.0546875 0.178125
1 0.553125 0.90859375 0.109375 0.1828125
1 0.6046875 0.5296875 0.0859375 0.140625
1 0.65703125 0.7859375 0.06875 0.175
1 0.653125 0.36015625 0.0625 0.109375
1 0.73359375 0.4984375 0.071875 0.1296875
2 0.66875 0.04765625 0.059375 0.0828125
2 0.66015625 0.17421875 0.046875 0.0765625
2 0.72109375 0.075 0.0546875 0.0890625
1 0.8265625 0.0515625 0.0421875 0.071875
2 0.7546875 0.1953125 0.0546875 0.09375
1 0.8265625 0.48046875 0.0828125 0.09375
2 0.871875 0.74453125 0.096875 0.14375