1 0.03828125 0.39609375 0.0765625 0.1046875
0 0.21171875 0.41953125 0.06875 0.0890625
1 0.29765625 0.3015625 0.075 0.103125
1 0.42265625 0.73046875 0.1546875 0.2328125
1 0.415625 0.50234375 0.121875 0.159375
1 0.49296875 0.23984375 0.0453125 0.0703125
1 0.6234375 0.409375 0.13125 0.184375
0 0.628125 0.153125 0.053125 0.08125
1 0.6765625 0.253125 0.065625 0.090625
1 0.79140625 0.38671875 0.0828125 0.1125
1 0.77109375 0.203125 0.075 0.0984375
1 0.9265625 0.43984375 0.146875 0.2015625
1 0.8984375 0.0984375 0.05625 0.0734375
1 0.840625 0.11484375 0.0578125 0.078125
1 0.059375 0.734375 0.0625 0.1296875