1 0.1171875 0.1671875 0.0765625 0.115625
1 0.18515625 0.16328125 0.0859375 0.115625
1 0.3859375 0.10234375 0.071875 0.109375
1 0.29453125 0.29609375 0.071875 0.11875
1 0.38671875 0.27109375 0.0765625 0.115625
1 0.46796875 0.303125 0.084375 0.1203125
1 0.54140625 0.234375 0.0828125 0.1109375
1 0.59375 0.30625 0.0859375 0.1171875
1 0.66484375 0.2859375 0.0875 0.1234375
1 0.7828125 0.346875 0.071875 0.103125
1 0.8375 0.36640625 0.0734375 0.121875
1 0.940625 0.35625 0.0953125 0.1328125
1 0.440625 0.171875 0.078125 0.109375