1 0.11484375 0.615625 0.0921875 0.1875
1 0.053125 0.29765625 0.0734375 0.15
1 0.11015625 0.14765625 0.06875 0.1546875
1 0.22734375 0.5328125 0.078125 0.178125
1 0.16015625 0.43515625 0.065625 0.140625
1 0.340625 0.60859375 0.075 0.203125
1 0.3046875 0.94375 0.103125 0.1125
1 0.45625 0.9015625 0.125 0.196875
1 0.4125 0.36484375 0.084375 0.178125
1 0.32578125 0.2546875 0.0734375 0.153125
1 0.53828125 0.37734375 0.06875 0.146875
1 0.6 0.78046875 0.09375 0.16875
1 0.63671875 0.57890625 0.075 0.18125
1 0.59453125 0.3203125 0.078125 0.1703125
1 0.63828125 0.115625 0.0640625 0.1390625
2 0.51015625 0.0921875 0.0546875 0.1015625
1 0.76328125 0.4 0.06875 0.15
1 0.82265625 0.6625 0.103125 0.2109375
1 0.87109375 0.62890625 0.06875 0.1609375
1 0.96171875 0.42578125 0.0765625 0.1921875
1 0.9078125 0.1734375 0.0734375 0.15625
1 0.915625 0.0359375 0.059375 0.071875
1 0.84296875 0.340625 0.078125 0.1453125
1 0.9859375 0.85703125 0.028125 0.2203125