1 0.090625 0.828125 0.0609375 0.08671875
1 0.2203125 0.828125 0.05859375 0.08671875
1 0.33203125 0.85859375 0.05625 0.08359375
1 0.50546875 0.90234375 0.06875 0.08515625
1 0.7953125 0.76953125 0.0609375 0.075
1 0.95390625 0.83828125 0.0546875 0.05
1 0.665625 0.66171875 0.05859375 0.0765625
1 0.8515625 0.509375 0.04765625 0.06171875
1 0.98046875 0.5703125 0.03359375 0.06328125
1 0.7203125 0.5046875 0.0359375 0.053125
1 0.54453125 0.68046875 0.05625 0.071875
1 0.409375 0.64765625 0.05390625 0.06796875
1 0.2265625 0.58984375 0.0296875 0.0765625
1 0.18984375 0.5765625 0.0546875 0.0796875
1 0.121875 0.5734375 0.0515625 0.0734375
1 0.0140625 0.5453125 0.025 0.0734375
1 0.02109375 0.39453125 0.03984375 0.0453125
1 0.13125 0.3921875 0.0453125 0.06171875
1 0.2640625 0.43203125 0.03984375 0.05703125
1 0.3453125 0.42265625 0.0453125 0.05859375
1 0.4703125 0.4828125 0.0515625 0.06171875
1 0.571875 0.496875 0.0484375 0.06015625
1 0.96640625 0.35546875 0.0421875 0.06171875
1 0.815625 0.3203125 0.02890625 0.06015625
1 0.7234375 0.3078125 0.03984375 0.06484375
1 0.6515625 0.30546875 0.0453125 0.0484375
1 0.5390625 0.25234375 0.03984375 0.06171875
1 0.484375 0.259375 0.03359375 0.06171875
1 0.37421875 0.21640625 0.03359375 0.06015625
1 0.29296875 0.23359375 0.03359375 0.053125
1 0.18046875 0.20546875 0.03125 0.0515625
1 0.08671875 0.203125 0.0390625 0.06328125
1 0.0203125 0.19296875 0.0375 0.05703125
1 0.01875 0.0984375 0.0296875 0.046875
1 0.1171875 0.10703125 0.02265625 0.046875
1 0.2078125 0.1421875 0.03359375 0.0515625
1 0.334375 0.14765625 0.02890625 0.0546875
1 0.48515625 0.12109375 0.02734375 0.0546875
1 0.575 0.153125 0.03515625 0.06015625
1 0.696875 0.18203125 0.0359375 0.06015625
1 0.7890625 0.1609375 0.0390625 0.06484375
1 0.9015625 0.1953125 0.0359375 0.05703125
1 0.98671875 0.21171875 0.0265625 0.06015625
1 0.8171875 0.0625 0.03125 0.0484375
1 0.7421875 0.07109375 0.0359375 0.0515625
1 0.6421875 0.0640625 0.0328125 0.0546875
1 0.5984375 0.021875 0.025 0.03984375
1 0.515625 0.059375 0.03359375 0.0453125
1 0.4484375 0.06171875 0.03359375 0.03984375
1 0.38046875 0.0484375 0.03359375 0.046875
1 0.29375 0.03359375 0.0375 0.046875
1 0.1765625 0.05390625 0.025 0.03828125
1 0.11171875 0.025 0.0234375 0.046875