1 0.028125 0.1890625 0.05625 0.140625
1 0.13359375 0.19375 0.1 0.15
1 0.18203125 0.45390625 0.103125 0.1609375
1 0.13984375 0.8015625 0.09375 0.146875
1 0.3125 0.484375 0.10625 0.175
1 0.3375 0.8359375 0.09375 0.1265625
1 0.5328125 0.6125 0.109375 0.1875
1 0.58046875 0.89609375 0.1 0.171875
1 0.6078125 0.55546875 0.09375 0.1546875
1 0.76640625 0.746875 0.096875 0.1703125
1 0.821875 0.2796875 0.0984375 0.1625
1 0.928125 0.128125 0.071875 0.1265625
1 0.95390625 0.36796875 0.084375 0.15625
1 0.85 0.58203125 0.096875 0.1671875
1 0.95625 0.65625 0.0875 0.171875
1 0.86484375 0.8828125 0.1046875 0.1609375