1 0.0734375 0.06875 0.0265625 0.046875
1 0.1484375 0.053125 0.025 0.0390625
1 0.3109375 0.084375 0.0265625 0.05625
1 0.42890625 0.03203125 0.02734375 0.0453125
1 0.0671875 0.20234375 0.03125 0.05234375
1 0.146875 0.16953125 0.03125 0.046875
1 0.28125 0.1625 0.0296875 0.05078125
1 0.303125 0.23046875 0.02890625 0.0453125
1 0.24140625 0.309375 0.0328125 0.0453125
1 0.0796875 0.29375 0.0359375 0.0546875
1 0.0359375 0.36328125 0.03359375 0.0546875
1 0.1046875 0.41484375 0.03515625 0.0453125
1 0.10234375 0.4859375 0.0296875 0.06015625
1 0.1640625 0.5171875 0.03359375 0.0578125
1 0.1734375 0.5984375 0.04375 0.0640625
1 0.125 0.79921875 0.0453125 0.06015625
1 0.15 0.925 0.0453125 0.07109375
1 0.25234375 0.8734375 0.0453125 0.0578125
1 0.32734375 0.50390625 0.03984375 0.0546875
1 0.3484375 0.36015625 0.03125 0.0484375
1 0.378125 0.82109375 0.04609375 0.0734375
1 0.4421875 0.56484375 0.0375 0.0671875
1 0.5015625 0.09921875 0.02734375 0.03359375
1 0.52578125 0.1578125 0.02890625 0.0453125
1 0.5890625 0.1125 0.02890625 0.0453125
1 0.56328125 0.20390625 0.03125 0.046875
1 0.65859375 0.19140625 0.0296875 0.0453125
1 0.63359375 0.25234375 0.03515625 0.0578125
1 0.5984375 0.40546875 0.03359375 0.05625
1 0.55 0.4953125 0.03515625 0.0640625
1 0.715625 0.79453125 0.04375 0.0734375
1 0.76953125 0.378125 0.0359375 0.06171875
1 0.79765625 0.5484375 0.0375 0.0578125
1 0.78671875 0.04609375 0.02890625 0.0390625
1 0.8140625 0.0265625 0.02265625 0.0453125
2 0.9265625 0.0640625 0.02109375 0.0453125
1 0.8390625 0.1125 0.0265625 0.0375
1 0.95703125 0.3515625 0.02890625 0.0390625
1 0.89765625 0.49453125 0.03515625 0.0578125
1 0.9171875 0.69140625 0.0296875 0.0546875
1 0.95390625 0.74140625 0.03984375 0.05625