1 0.3859375 0.4671875 0.05625 0.11796875
1 0.38203125 0.2609375 0.07890625 0.07109375
1 0.646875 0.675 0.0609375 0.15625
1 0.57890625 0.53125 0.0390625 0.13203125
1 0.6953125 0.26328125 0.025 0.046875
0 0.26484375 0.24140625 0.03046875 0.05546875
2 0.084375 0.2390625 0.0203125 0.03671875
2 0.50859375 0.21796875 0.02734375 0.05703125
2 0.75390625 0.2 0.01953125 0.05546875
2 0.57734375 0.39765625 0.03828125 0.0625
1 0.8921875 0.3421875 0.025 0.04140625
2 0.934375 0.36953125 0.03828125 0.06953125
2 0.9390625 0.49375 0.02734375 0.09921875
2 0.965625 0.36171875 0.03125 0.05