1 0.03359375 0.39609375 0.0484375 0.065625
1 0.178125 0.30078125 0.0515625 0.075
1 0.246875 0.28515625 0.0765625 0.103125
1 0.2890625 0.2859375 0.04375 0.059375
1 0.35078125 0.31015625 0.0546875 0.06875
1 0.42578125 0.2875 0.0515625 0.0640625
1 0.53984375 0.3015625 0.0734375 0.0875
1 0.56328125 0.1859375 0.0640625 0.0796875
1 0.67109375 0.17890625 0.046875 0.0640625
1 0.71015625 0.165625 0.0640625 0.084375
1 0.815625 0.24140625 0.0703125 0.0875
1 0.8765625 0.1578125 0.0671875 0.09375
1 0.37734375 0.2859375 0.03125 0.04375