1 0.0328125 0.178125 0.02421875 0.0640625
1 0.084375 0.1109375 0.0265625 0.06015625
1 0.1171875 0.20546875 0.02734375 0.05546875
1 0.203125 0.18515625 0.03359375 0.07421875
1 0.26796875 0.215625 0.05390625 0.0828125
1 0.31171875 0.121875 0.02890625 0.07421875
1 0.36640625 0.1203125 0.0234375 0.05859375
1 0.52421875 0.2078125 0.03984375 0.08828125
1 0.603125 0.1765625 0.0375 0.09453125
1 0.715625 0.17734375 0.0546875 0.1140625
1 0.8046875 0.19375 0.04609375 0.1015625
1 0.8953125 0.16015625 0.0375 0.065625
2 0.90859375 0.45703125 0.028125 0.07265625