1 0.18828125 0.29609375 0.053125 0.07578125
1 0.403125 0.26796875 0.065625 0.10234375
1 0.57265625 0.265625 0.05546875 0.08671875
2 0.75234375 0.2671875 0.053125 0.0734375
2 0.9515625 0.28984375 0.0515625 0.06953125
2 0.965625 0.0875 0.03359375 0.0453125
2 0.63515625 0.0421875 0.0171875 0.040625
2 0.57265625 0.05390625 0.0140625 0.03046875
2 0.81953125 0.12578125 0.0125 0.0265625
2 0.7453125 0.12421875 0.01484375 0.021875
2 0.7078125 0.11640625 0.01484375 0.0234375
1 0.43671875 0.1015625 0.0171875 0.02890625
2 0.36796875 0.1203125 0.01484375 0.02109375
2 0.2140625 0.1 0.01640625 0.02421875
2 0.153125 0.103125 0.01953125 0.0328125
2 0.06953125 0.09609375 0.01328125 0.03046875
2 0.01328125 0.09296875 0.0203125 0.0265625