0 0.10703125 0.23828125 0.11171875 0.1796875
2 0.2359375 0.11953125 0.06640625 0.08359375
1 0.3546875 0.2078125 0.04453125 0.0890625
1 0.41328125 0.3453125 0.08125 0.12578125
1 0.25703125 0.74921875 0.2078125 0.30546875
1 0.56015625 0.68671875 0.19453125 0.3046875
1 0.61875 0.39921875 0.096875 0.16328125
1 0.49921875 0.25078125 0.0703125 0.1140625
2 0.83125 0.240625 0.08359375 0.128125
1 0.9453125 0.14140625 0.08984375 0.1109375
1 0.95703125 0.28828125 0.08125 0.14296875
1 0.7890625 0.55546875 0.11328125 0.18359375