1 0.36015625 0.3921875 0.08125 0.1390625
1 0.3890625 0.16328125 0.0984375 0.090625
1 0.6171875 0.6640625 0.0921875 0.1828125
1 0.56484375 0.49296875 0.0640625 0.1515625
1 0.7359375 0.21328125 0.034375 0.05625
0 0.26171875 0.12265625 0.0421875 0.0671875
2 0.0625 0.09140625 0.025 0.04375
2 0.53515625 0.13515625 0.0390625 0.0671875
2 0.8109375 0.15234375 0.0296875 0.065625
2 0.584375 0.34453125 0.0515625 0.075
1 0.9421875 0.3328125 0.034375 0.05
2 0.978125 0.36953125 0.04375 0.0828125
2 0.9703125 0.50859375 0.0453125 0.1140625