1 0.01328125 0.828125 0.0265625 0.125
1 0.08359375 0.74296875 0.08125 0.1203125
0 0.1359375 0.678125 0.0640625 0.103125
2 0.09609375 0.4296875 0.0546875 0.078125
1 0.10234375 0.303125 0.0515625 0.09375
1 0.0484375 0.26015625 0.046875 0.0796875
2 0.1421875 0.01796875 0.059375 0.0359375
1 0.35703125 0.0515625 0.065625 0.090625
1 0.290625 0.24296875 0.0640625 0.0796875
1 0.26328125 0.471875 0.059375 0.0984375
1 0.31328125 0.921875 0.0859375 0.115625
1 0.48359375 0.76015625 0.0765625 0.090625
1 0.5203125 0.84609375 0.0859375 0.1125
1 0.5078125 0.43828125 0.0703125 0.1
1 0.51484375 0.28203125 0.075 0.0953125
1 0.53984375 0.15390625 0.0671875 0.0828125
1 0.64296875 0.52109375 0.0609375 0.0890625
1 0.69375 0.30234375 0.065625 0.0984375
1 0.78203125 0.3109375 0.071875 0.103125
1 0.915625 0.71484375 0.0796875 0.0859375
1 0.9171875 0.41015625 0.0734375 0.0921875
1 0.86640625 0.25390625 0.05625 0.0796875
1 0.88046875 0.140625 0.0546875 0.0703125