0 0.1234375 0.534375 0.13359375 0.21484375
1 0.43125 0.68671875 0.13203125 0.203125
1 0.5375 0.79453125 0.071875 0.16328125
1 0.6671875 0.8203125 0.12421875 0.203125
1 0.8171875 0.759375 0.09296875 0.15859375
1 0.6546875 0.46328125 0.06796875 0.12109375
1 0.7203125 0.4234375 0.06796875 0.109375
1 0.5078125 0.37890625 0.04765625 0.08671875
1 0.5609375 0.3265625 0.05625 0.0859375
1 0.59765625 0.2171875 0.0375 0.0671875
1 0.68125 0.196875 0.03671875 0.05859375
1 0.53515625 0.203125 0.0375 0.0609375
1 0.5796875 0.15625 0.0296875 0.0421875
1 0.646875 0.14375 0.03515625 0.04609375
1 0.73984375 0.1328125 0.034375 0.0390625
1 0.91484375 0.1328125 0.025 0.03046875