1 0.09375 0.1546875 0.046875 0.065625
1 0.26953125 0.134375 0.05 0.075
1 0.3390625 0.15234375 0.0734375 0.103125
1 0.378125 0.17265625 0.0421875 0.0609375
1 0.421875 0.22421875 0.053125 0.06875
1 0.50078125 0.23828125 0.0515625 0.0640625
1 0.59765625 0.303125 0.071875 0.0875
1 0.671875 0.209375 0.0625 0.0796875
1 0.7734375 0.253125 0.0453125 0.065625
1 0.81484375 0.25859375 0.0609375 0.0859375
1 0.87578125 0.37734375 0.06875 0.0859375
1 0.96875 0.32890625 0.0625 0.0953125
1 0.4578125 0.2140625 0.0296875 0.04375