1 0.0703125 0.91875 0.1078125 0.1625
1 0.1953125 0.79765625 0.0703125 0.1109375
1 0.3046875 0.74296875 0.12890625 0.228125
1 0.4953125 0.61640625 0.07734375 0.165625
1 0.32265625 0.24375 0.0453125 0.07421875
1 0.40078125 0.1140625 0.0359375 0.05625
1 0.4234375 0.24921875 0.03515625 0.06875
1 0.49921875 0.14140625 0.02890625 0.0453125
1 0.59296875 0.15546875 0.0359375 0.0609375
1 0.56640625 0.37578125 0.0375 0.06875
1 0.6921875 0.5640625 0.10234375 0.16015625
1 0.7578125 0.19375 0.03515625 0.0546875
2 0.8484375 0.34375 0.0375 0.05859375
2 0.665625 0.20234375 0.0359375 0.0609375
2 0.4484375 0.4578125 0.0484375 0.0765625