1 0.0171875 0.80390625 0.034375 0.1734375
1 0.1171875 0.721875 0.0984375 0.1296875
1 0.240625 0.69375 0.1859375 0.2609375
1 0.46328125 0.61484375 0.11875 0.1859375
1 0.38359375 0.1984375 0.0640625 0.0859375
1 0.49375 0.0875 0.05 0.065625
1 0.48359375 0.22890625 0.0515625 0.0765625
1 0.58671875 0.13984375 0.040625 0.0515625
1 0.67734375 0.178125 0.0515625 0.0703125
1 0.59453125 0.39140625 0.0546875 0.078125
1 0.67421875 0.61171875 0.14375 0.1859375
1 0.83203125 0.25703125 0.0484375 0.0625
2 0.8859375 0.43046875 0.053125 0.0671875
2 0.73828125 0.2421875 0.0515625 0.0703125
2 0.45546875 0.44453125 0.0671875 0.0890625