1 0.065625 0.70234375 0.12109375 0.30390625
2 0.42265625 0.06484375 0.040625 0.06640625
1 0.32109375 0.06015625 0.0578125 0.06953125
1 0.053125 0.02109375 0.05390625 0.040625
1 0.2578125 0.1734375 0.05390625 0.08125
1 0.34609375 0.18515625 0.06796875 0.10078125
2 0.5875 0.2078125 0.040625 0.0703125
2 0.55 0.26484375 0.06015625 0.084375
1 0.6875 0.14375 0.05625 0.09453125
1 0.825 0.196875 0.046875 0.08046875
1 0.77578125 0.47890625 0.08359375 0.1046875
1 0.93125 0.3546875 0.0609375 0.0828125
1 0.4953125 0.4171875 0.06875 0.1125