1 0.015625 0.27578125 0.03125 0.0734375
1 0.14453125 0.24296875 0.0453125 0.065625
1 0.2296875 0.2453125 0.040625 0.071875
1 0.37734375 0.221875 0.046875 0.0671875
1 0.42421875 0.21015625 0.034375 0.059375
1 0.46015625 0.20234375 0.034375 0.0671875
1 0.49375 0.14140625 0.0375 0.0453125
1 0.48828125 0.2578125 0.04375 0.0640625
1 0.56015625 0.33046875 0.0640625 0.09375
2 0.653125 0.175 0.05 0.08125
1 0.6828125 0.3453125 0.0703125 0.1171875
1 0.79453125 0.140625 0.0421875 0.0671875
1 0.7953125 0.309375 0.0578125 0.075
1 0.9234375 0.4171875 0.0921875 0.146875
2 0.86640625 0.3890625 0.040625 0.0828125