2 0.13203125 0.9125 0.04609375 0.06796875
2 0.0296875 0.67890625 0.040625 0.0640625
2 0.15078125 0.6859375 0.03828125 0.065625
2 0.04375 0.57578125 0.03359375 0.05859375
2 0.1640625 0.534375 0.04296875 0.06484375
2 0.0578125 0.43828125 0.0359375 0.06015625
2 0.16328125 0.4421875 0.03515625 0.040625
2 0.20234375 0.38671875 0.034375 0.0515625
2 0.06484375 0.290625 0.0328125 0.05234375
2 0.09765625 0.2421875 0.0265625 0.040625
2 0.2109375 0.26015625 0.03515625 0.0578125
2 0.11875 0.1171875 0.03203125 0.04765625
2 0.20859375 0.1328125 0.0328125 0.05546875
2 0.228125 0.06640625 0.03046875 0.046875
2 0.39609375 0.125 0.01796875 0.04140625
1 0.47109375 0.109375 0.0203125 0.04375
1 0.5171875 0.096875 0.02265625 0.04296875
2 0.45390625 0.14375 0.02890625 0.04453125
2 0.4578125 0.20234375 0.0265625 0.04453125
1 0.4375 0.30234375 0.0296875 0.04140625
2 0.47421875 0.35234375 0.0203125 0.04765625
2 0.45390625 0.40390625 0.021875 0.04765625
2 0.45625 0.49140625 0.03125 0.053125
2 0.43203125 0.584375 0.0375 0.0546875
2 0.4671875 0.65859375 0.0328125 0.0453125
2 0.47578125 0.84140625 0.034375 0.0390625
2 0.4921875 0.934375 0.04140625 0.065625
2 0.46171875 0.91796875 0.015625 0.046875
1 0.52265625 0.44609375 0.03125 0.05
2 0.553125 0.4875 0.03515625 0.0609375
2 0.56171875 0.3921875 0.03359375 0.053125
2 0.534375 0.3859375 0.025 0.04765625
2 0.52578125 0.20859375 0.0171875 0.0390625
2 0.54609375 0.23125 0.02890625 0.0484375
2 0.58125 0.11015625 0.0265625 0.046875
2 0.58828125 0.2515625 0.02890625 0.04609375
2 0.6359375 0.2421875 0.02421875 0.03984375
2 0.63828125 0.34921875 0.03359375 0.05
2 0.615625 0.52734375 0.02890625 0.03828125
2 0.5625 0.67265625 0.02734375 0.05703125
2 0.5984375 0.72265625 0.0359375 0.06015625
2 0.64296875 0.71953125 0.03359375 0.0578125
2 0.64921875 0.5515625 0.03359375 0.059375
2 0.63828125 0.94453125 0.02890625 0.0609375
2 0.61796875 0.1546875 0.02734375 0.040625
2 0.6578125 0.125 0.01953125 0.03828125
2 0.6484375 0.071875 0.02421875 0.03125
2 0.71484375 0.0984375 0.021875 0.034375
2 0.68984375 0.13203125 0.025 0.03125
2 0.71953125 0.175 0.02890625 0.03828125
2 0.70625 0.27734375 0.03359375 0.04375
2 0.72890625 0.25546875 0.0125 0.04609375
2 0.7 0.375 0.0328125 0.04140625
2 0.73046875 0.42265625 0.0328125 0.05234375
2 0.75546875 0.43046875 0.01640625 0.0421875
2 0.7421875 0.5328125 0.03359375 0.05078125
2 0.73515625 0.67109375 0.0375 0.04375
2 0.76875 0.80625 0.0359375 0.0546875
2 0.78515625 0.878125 0.02265625 0.034375
2 0.80234375 0.971875 0.034375 0.05546875
2 0.759375 0.1015625 0.0171875 0.02890625