1 0.13203125 0.4625 0.096875 0.165625
2 0.3328125 0.65859375 0.1765625 0.3328125
1 0.0359375 0.33828125 0.0609375 0.1328125
0 0.12109375 0.165625 0.0578125 0.115625
2 0.1703125 0.33515625 0.065625 0.1046875
1 0.24140625 0.26484375 0.0625 0.090625
1 0.31640625 0.2453125 0.0734375 0.1
1 0.396875 0.303125 0.059375 0.0921875
1 0.44140625 0.3828125 0.071875 0.121875
1 0.52109375 0.4015625 0.0796875 0.0984375
2 0.4453125 0.18046875 0.04375 0.08125
1 0.3609375 0.09296875 0.028125 0.05
1 0.45546875 0.08046875 0.0296875 0.05
1 0.65546875 0.5078125 0.1109375 0.1765625
1 0.08046875 0.1890625 0.0453125 0.09375
1 0.2296875 0.17734375 0.0546875 0.078125
1 0.57734375 0.06328125 0.0203125 0.0359375
1 0.75703125 0.9484375 0.0828125 0.103125
1 0.828125 0.6140625 0.1078125 0.19375
1 0.83203125 0.33359375 0.08125 0.1171875
1 0.81171875 0.48515625 0.046875 0.103125
1 0.7859375 0.24609375 0.0546875 0.1125
1 0.88828125 0.2140625 0.0421875 0.0765625