0 0.1 0.425 0.159375 0.271875
1 0.41484375 0.6375 0.1375 0.265625
1 0.51640625 0.771875 0.0859375 0.2
1 0.64609375 0.8171875 0.1421875 0.24375
1 0.8078125 0.74921875 0.103125 0.2140625
1 0.66015625 0.375 0.075 0.153125
1 0.73125 0.33359375 0.0734375 0.128125
1 0.51640625 0.26328125 0.0515625 0.1140625
1 0.56875 0.1984375 0.0578125 0.103125
1 0.4765625 0.334375 0.0734375 0.103125
1 0.61640625 0.07578125 0.0453125 0.0734375
1 0.70546875 0.05390625 0.0421875 0.065625
1 0.5515625 0.05625 0.040625 0.06875