1 0.12890625 0.1203125 0.0765625 0.109375
1 0.2 0.2 0.065625 0.0953125
1 0.35859375 0.134375 0.0453125 0.0671875
1 0.39140625 0.225 0.084375 0.125
1 0.42734375 0.15234375 0.0515625 0.0703125
1 0.4546875 0.21484375 0.0625 0.09375
1 0.4375 0.465625 0.08125 0.1109375
1 0.52734375 0.22578125 0.0484375 0.071875
1 0.58203125 0.2328125 0.05 0.0828125
1 0.61328125 0.25234375 0.065625 0.0984375
1 0.65703125 0.2953125 0.05625 0.0828125
1 0.6875 0.3453125 0.0703125 0.1015625
1 0.74296875 0.38046875 0.0796875 0.1125
1 0.825 0.2796875 0.059375 0.0890625
2 0.86875 0.29296875 0.053125 0.06875
1 0.95078125 0.28828125 0.065625 0.103125
1 0.98515625 0.32578125 0.0296875 0.1046875
1 0.903125 0.29921875 0.0359375 0.0609375