0 0.08359375 0.52890625 0.1671875 0.2921875
1 0.43359375 0.6671875 0.1703125 0.2828125
1 0.565625 0.778125 0.1109375 0.2109375
1 0.70546875 0.79375 0.1734375 0.2609375
1 0.85078125 0.6890625 0.1296875 0.2265625
1 0.6171875 0.35 0.09375 0.1625
1 0.678125 0.2921875 0.0890625 0.1375
1 0.4484375 0.271875 0.065625 0.121875
1 0.48671875 0.1953125 0.0703125 0.1109375
1 0.42578125 0.35234375 0.0859375 0.1109375
1 0.50546875 0.06171875 0.0546875 0.0796875
1 0.58828125 0.02734375 0.0515625 0.0546875
1 0.4359375 0.0578125 0.05 0.0734375