1 0.0625 0.48046875 0.125 0.2078125
1 0.08359375 0.7671875 0.1671875 0.240625
1 0.28203125 0.43984375 0.096875 0.128125
1 0.19921875 0.4234375 0.06875 0.08125
1 0.30390625 0.30390625 0.06875 0.0921875
1 0.4125 0.3671875 0.071875 0.109375
1 0.38359375 0.321875 0.0421875 0.0546875
1 0.44453125 0.509375 0.1046875 0.14375
1 0.621875 0.43203125 0.1015625 0.1421875
1 0.790625 0.4265625 0.0765625 0.1109375
1 0.7125 0.6875 0.1328125 0.1703125
1 0.74453125 0.94375 0.1921875 0.1125
1 0.9046875 0.48984375 0.0609375 0.0859375
1 0.94921875 0.584375 0.06875 0.0828125
1 0.8859375 0.85546875 0.1328125 0.2421875
1 0.68203125 0.48046875 0.0625 0.084375
1 0.975 0.4796875 0.05 0.059375