1 0.20703125 0.15859375 0.053125 0.07890625
1 0.2890625 0.38359375 0.04296875 0.0671875
1 0.465625 0.20703125 0.04765625 0.06953125
1 0.9125 0.19921875 0.04140625 0.06484375
1 0.68984375 0.21953125 0.03671875 0.0515625
1 0.609375 0.2 0.03359375 0.0453125
1 0.565625 0.23125 0.02890625 0.04375
1 0.07890625 0.19296875 0.02734375 0.03984375
1 0.29140625 0.15234375 0.02578125 0.04375
1 0.3390625 0.18359375 0.01796875 0.03359375
1 0.3890625 0.18828125 0.01953125 0.028125
1 0.97265625 0.203125 0.01796875 0.028125