1 0.09375 0.50703125 0.14375 0.1953125
1 0.1453125 0.78046875 0.159375 0.225
1 0.31875 0.45234375 0.0875 0.121875
1 0.2390625 0.4421875 0.0625 0.075
1 0.33125 0.3203125 0.0625 0.0875
1 0.4390625 0.3734375 0.0625 0.103125
1 0.4078125 0.33203125 0.0375 0.0515625
1 0.47890625 0.5078125 0.0921875 0.134375
1 0.64375 0.421875 0.090625 0.134375
1 0.80546875 0.40546875 0.06875 0.1046875
1 0.74765625 0.66015625 0.1203125 0.159375
1 0.796875 0.9265625 0.18125 0.146875
1 0.91796875 0.4578125 0.053125 0.08125
1 0.96796875 0.54609375 0.0625 0.0765625
1 0.9203125 0.80859375 0.103125 0.2296875
1 0.7046875 0.46328125 0.0546875 0.0796875
1 0.98203125 0.44453125 0.0359375 0.0546875