1 0.053125 0.309375 0.059375 0.0796875
1 0.15234375 0.1625 0.04375 0.059375
1 0.25 0.33984375 0.05625 0.0734375
1 0.35078125 0.1078125 0.0421875 0.0515625
1 0.40859375 0.16640625 0.0546875 0.075
1 0.55234375 0.38515625 0.0703125 0.1046875
1 0.44453125 0.08984375 0.0484375 0.065625
1 0.51640625 0.090625 0.04375 0.0609375
1 0.65234375 0.2703125 0.0578125 0.0828125
1 0.63046875 0.20859375 0.046875 0.0671875
2 0.40625 0.0875 0.034375 0.0390625
2 0.6 0.0921875 0.0328125 0.0484375
1 0.59921875 0.02265625 0.03125 0.040625
1 0.68515625 0.11953125 0.0421875 0.0515625
2 0.628125 0.0109375 0.03125 0.021875
0 0.71171875 0.05 0.034375 0.0546875
1 0.7671875 0.025 0.040625 0.05
1 0.7890625 0.021875 0.015625 0.040625
2 0.7421875 0.01953125 0.025 0.0390625
2 0.9140625 0.0140625 0.0375 0.028125