1 0.09921875 0.19140625 0.0703125 0.1109375
1 0.1640625 0.18359375 0.0796875 0.1109375
1 0.35546875 0.11484375 0.065625 0.1046875
1 0.27734375 0.30625 0.065625 0.1140625
1 0.3640625 0.278125 0.0703125 0.1109375
1 0.44453125 0.3046875 0.0765625 0.115625
1 0.5125 0.234375 0.0765625 0.1046875
1 0.565625 0.30078125 0.078125 0.1125
1 0.63359375 0.278125 0.08125 0.1171875
1 0.75078125 0.33125 0.065625 0.0984375
1 0.8046875 0.34765625 0.065625 0.115625
1 0.90546875 0.33203125 0.0875 0.1265625
1 0.98671875 0.3375 0.0265625 0.11875
1 0.41171875 0.1796875 0.071875 0.103125