2 0.015625 0.8328125 0.03125 0.08125
2 0.071875 0.6046875 0.0546875 0.0765625
2 0.00625 0.46875 0.0125 0.0625
2 0.121875 0.45234375 0.059375 0.0765625
2 0.040625 0.3296875 0.040625 0.0671875
2 0.1421875 0.35703125 0.0453125 0.05
2 0.19609375 0.309375 0.046875 0.0609375
2 0.078125 0.17734375 0.04375 0.0609375
2 0.1234375 0.1359375 0.0359375 0.0484375
2 0.23515625 0.18125 0.05 0.0671875
2 0.1734375 0.0203125 0.04375 0.040625
2 0.2625 0.05 0.046875 0.065625
2 0.29765625 0.00625 0.0421875 0.0125
2 0.45703125 0.0859375 0.028125 0.046875
1 0.5375 0.08828125 0.03125 0.05
1 0.58828125 0.08671875 0.0328125 0.0484375
2 0.5125 0.11953125 0.040625 0.053125
2 0.50234375 0.18046875 0.0375 0.0515625
1 0.4578125 0.27890625 0.040625 0.05
2 0.48359375 0.33828125 0.0328125 0.053125
2 0.45 0.3859375 0.034375 0.0546875
2 0.43125 0.47734375 0.0453125 0.0625
2 0.38515625 0.56640625 0.0515625 0.0640625
2 0.403125 0.6515625 0.04375 0.0546875
2 0.36953125 0.84140625 0.04375 0.0484375
2 0.3640625 0.940625 0.0578125 0.078125
2 0.33671875 0.9171875 0.0265625 0.0515625
1 0.5109375 0.44609375 0.04375 0.059375
2 0.53203125 0.4953125 0.0515625 0.0703125
2 0.5640625 0.4 0.046875 0.0625
2 0.5375 0.3875 0.0375 0.0546875
2 0.5703125 0.203125 0.028125 0.0453125
2 0.5859375 0.23125 0.040625 0.05625
2 0.65078125 0.11484375 0.0390625 0.0546875
2 0.625 0.26171875 0.040625 0.0546875
2 0.6765625 0.26328125 0.034375 0.046875
2 0.65234375 0.37421875 0.046875 0.059375
2 0.5875 0.5515625 0.0390625 0.046875
2 0.49765625 0.6875 0.0421875 0.0640625
2 0.5234375 0.7484375 0.0515625 0.0703125
2 0.56953125 0.75546875 0.0484375 0.0671875
2 0.615625 0.584375 0.0484375 0.06875
2 0.5125 0.97578125 0.04375 0.0484375
2 0.678125 0.16875 0.0375 0.046875
2 0.72578125 0.1484375 0.028125 0.04375
2 0.72890625 0.0921875 0.0328125 0.0375
2 0.790625 0.13515625 0.0296875 0.040625
2 0.75703125 0.16328125 0.0328125 0.0375
2 0.7765625 0.2140625 0.0390625 0.0453125
2 0.73984375 0.31640625 0.0453125 0.053125
2 0.76796875 0.3 0.0234375 0.05
2 0.71015625 0.415625 0.04375 0.05
2 0.7296875 0.471875 0.046875 0.0609375
2 0.75390625 0.48515625 0.0265625 0.046875
2 0.71640625 0.58671875 0.046875 0.0609375
2 0.67578125 0.728125 0.0484375 0.053125
2 0.678125 0.875 0.05 0.0640625
2 0.67890625 0.95234375 0.03125 0.040625
2 0.8359375 0.1484375 0.025 0.034375