2 0.13671875 0.44453125 0.0640625 0.10625
2 0.1421875 0.3015625 0.05703125 0.0859375
1 0.21640625 0.28359375 0.04921875 0.06875
2 0.275 0.34453125 0.04609375 0.07734375
1 0.30703125 0.26640625 0.0453125 0.08359375
2 0.2359375 0.19765625 0.0515625 0.1015625
1 0.128125 0.6265625 0.05078125 0.14296875
2 0.19453125 0.68359375 0.07578125 0.146875
2 0.2640625 0.79609375 0.07578125 0.15703125
1 0.3703125 0.87265625 0.09921875 0.1875
1 0.37109375 0.515625 0.06484375 0.13125
1 0.36953125 0.34765625 0.06171875 0.0875
2 0.3671875 0.178125 0.03828125 0.0703125
1 0.46328125 0.18984375 0.04296875 0.09453125
1 0.44296875 0.24453125 0.03125 0.0875
1 0.5109375 0.18828125 0.0421875 0.08515625
2 0.571875 0.134375 0.040625 0.08203125
2 0.6203125 0.21015625 0.06328125 0.1125
1 0.4640625 0.45234375 0.05546875 0.1046875
1 0.45625 0.62578125 0.0640625 0.10234375
1 0.56328125 0.51015625 0.0625 0.1296875
2 0.4828125 0.80390625 0.04375 0.10625
2 0.4328125 0.83828125 0.04140625 0.15703125
1 0.61640625 0.9078125 0.0890625 0.16484375
1 0.64453125 0.5625 0.0703125 0.12265625
1 0.703125 0.7890625 0.053125 0.15390625
1 0.67890625 0.409375 0.05078125 0.09609375
1 0.7578125 0.528125 0.05859375 0.1125
2 0.67890625 0.12109375 0.04921875 0.08671875
2 0.6765625 0.2421875 0.03828125 0.06640625
2 0.7265625 0.15078125 0.0453125 0.07734375
1 0.81953125 0.115625 0.03515625 0.0796875
2 0.7625 0.25703125 0.04453125 0.08125
1 0.83984375 0.5078125 0.06953125 0.0796875
2 0.8921875 0.7421875 0.08046875 0.12421875