1 0.0828125 0.2234375 0.0515625 0.09453125
1 0.1671875 0.28046875 0.04453125 0.08203125
1 0.29921875 0.184375 0.0296875 0.05859375
1 0.35078125 0.259375 0.0546875 0.10859375
1 0.3671875 0.18515625 0.034375 0.06015625
1 0.40625 0.2359375 0.040625 0.08203125
1 0.44921875 0.47109375 0.05625 0.09453125
1 0.4765625 0.22890625 0.03125 0.06328125
1 0.52890625 0.2234375 0.0296875 0.07421875
1 0.5625 0.23359375 0.04296875 0.0859375
1 0.6125 0.26328125 0.03828125 0.071875
1 0.65234375 0.303125 0.04765625 0.0875
1 0.71171875 0.32265625 0.05390625 0.09765625
1 0.7640625 0.2109375 0.03984375 0.07734375
2 0.8078125 0.2125 0.03671875 0.05859375
1 0.8828125 0.18984375 0.04296875 0.090625
1 0.940625 0.21171875 0.04375 0.09140625
1 0.84140625 0.2109375 0.02265625 0.0546875