1 0.84765625 0.1703125 0.06328125 0.09453125
1 0.090625 0.2078125 0.05 0.0671875
1 0.6453125 0.1953125 0.04609375 0.0734375
1 0.709375 0.29765625 0.0328125 0.04921875
0 0.93671875 0.3 0.046875 0.08125
0 0.478125 0.196875 0.05625 0.10078125
0 0.1171875 0.2796875 0.05625 0.09453125
2 0.02265625 0.2015625 0.04375 0.0703125
2 0.196875 0.29609375 0.0546875 0.08828125
2 0.234375 0.23359375 0.03671875 0.06328125
2 0.36484375 0.24609375 0.0453125 0.06015625
2 0.603125 0.21640625 0.0421875 0.06171875
2 0.7234375 0.15703125 0.046875 0.0671875