1 0.05 0.27421875 0.0484375 0.06796875
1 0.18515625 0.25 0.03984375 0.06015625
1 0.26640625 0.25546875 0.0359375 0.06640625
1 0.40859375 0.24140625 0.04140625 0.0625
1 0.45390625 0.23203125 0.03046875 0.0546875
1 0.48828125 0.22734375 0.02890625 0.0625
1 0.52265625 0.1703125 0.03359375 0.040625
1 0.51171875 0.28125 0.03828125 0.05859375
1 0.5765625 0.353125 0.05703125 0.08671875
2 0.67265625 0.21015625 0.04296875 0.07578125
1 0.6921875 0.37421875 0.06171875 0.10859375
1 0.809375 0.184375 0.0375 0.06171875
1 0.8015625 0.3453125 0.05234375 0.06875
1 0.91796875 0.45390625 0.08046875 0.1359375
2 0.86484375 0.42421875 0.03515625 0.0765625