1 0.0546875 0.3421875 0.053125 0.0796875
1 0.1171875 0.3046875 0.0421875 0.065625
1 0.16640625 0.2671875 0.034375 0.0515625
1 0.24296875 0.3390625 0.0546875 0.0765625
1 0.396875 0.31875 0.053125 0.0765625
1 0.48125 0.2421875 0.09375 0.14375
1 0.5796875 0.228125 0.0484375 0.0921875
1 0.678125 0.30703125 0.0328125 0.0484375
1 0.74296875 0.25703125 0.0484375 0.0765625
1 0.8390625 0.30234375 0.040625 0.065625
1 0.9234375 0.26796875 0.040625 0.0671875
1 0.9578125 0.25546875 0.0234375 0.0515625
1 0.2484375 0.24921875 0.03125 0.0390625