1 0.0296875 0.39296875 0.05 0.084375
1 0.0984375 0.36953125 0.059375 0.078125
1 0.203125 0.38984375 0.0609375 0.0828125
1 0.303125 0.38046875 0.0546875 0.0703125
1 0.359375 0.415625 0.0625 0.090625
1 0.49140625 0.46015625 0.059375 0.084375
1 0.51953125 0.42265625 0.0453125 0.090625
1 0.62578125 0.45703125 0.034375 0.053125
1 0.72578125 0.3640625 0.06875 0.103125
1 0.8984375 0.42265625 0.075 0.1
1 0.9515625 0.453125 0.0625 0.0859375
2 0.65 0.46875 0.0484375 0.0796875
2 0.40703125 0.46953125 0.0578125 0.08125
2 0.26796875 0.41796875 0.0625 0.0921875