1 0.2015625 0.29296875 0.04375 0.06171875
1 0.3203125 0.290625 0.0453125 0.06640625
1 0.434375 0.315625 0.05546875 0.0765625
1 0.10078125 0.278125 0.025 0.04765625
1 0.3140625 0.22578125 0.03125 0.04921875
1 0.24453125 0.23359375 0.0203125 0.0390625
1 0.4046875 0.259375 0.04609375 0.0765625
1 0.86015625 0.2875 0.0453125 0.06640625
1 0.703125 0.24453125 0.04296875 0.06328125
1 0.60078125 0.25546875 0.0421875 0.06484375
2 0.76328125 0.26640625 0.0359375 0.08359375
1 0.89921875 0.22265625 0.028125 0.05
1 0.10234375 0.33046875 0.01875 0.05625