1 0.0359375 0.2765625 0.071875 0.1125
1 0.13671875 0.32421875 0.0625 0.096875
1 0.26484375 0.196875 0.0421875 0.06875
1 0.33359375 0.2703125 0.0796875 0.128125
1 0.3390625 0.1859375 0.0484375 0.071875
1 0.38984375 0.23515625 0.0578125 0.0953125
1 0.478125 0.484375 0.078125 0.1125
1 0.46484375 0.21484375 0.0453125 0.0734375
1 0.52109375 0.2 0.0453125 0.0859375
1 0.56015625 0.2046875 0.0609375 0.1015625
1 0.6203125 0.2296875 0.0546875 0.084375
1 0.6703125 0.265625 0.0671875 0.103125
1 0.73828125 0.2765625 0.075 0.115625
1 0.77578125 0.1453125 0.05625 0.090625
2 0.825 0.13984375 0.05 0.0703125
1 0.90234375 0.10234375 0.0625 0.10625
1 0.86015625 0.13203125 0.034375 0.0640625