1 0.03984375 0.91796875 0.0671875 0.1234375
1 0.125 0.8125 0.071875 0.11875
0 0.16796875 0.73828125 0.05625 0.103125
2 0.08671875 0.48828125 0.0484375 0.0765625
1 0.07265625 0.35703125 0.04375 0.09375
1 0.01484375 0.3203125 0.0296875 0.078125
2 0.0640625 0.040625 0.053125 0.065625
1 0.29375 0.05625 0.0578125 0.0890625
1 0.25703125 0.26328125 0.0578125 0.0765625
1 0.26640625 0.50546875 0.0515625 0.096875
1 0.38984375 0.9515625 0.0765625 0.096875
1 0.540625 0.76640625 0.0703125 0.0859375
1 0.5921875 0.84765625 0.078125 0.109375
1 0.51171875 0.43046875 0.0625 0.096875
1 0.49453125 0.2671875 0.06875 0.0921875
1 0.5 0.13203125 0.0609375 0.0796875
1 0.665625 0.49296875 0.053125 0.0875
1 0.68203125 0.259375 0.0578125 0.096875
1 0.775 0.25390625 0.0625 0.1015625
1 0.9703125 0.646875 0.059375 0.08125
1 0.9296875 0.33359375 0.065625 0.0890625
1 0.853125 0.18203125 0.05 0.078125
1 0.8484375 0.0625 0.0484375 0.06875