0 0.09609375 0.40625 0.1921875 0.259375
1 0.378125 0.646875 0.190625 0.246875
1 0.4609375 0.7875 0.1171875 0.1890625
1 0.590625 0.84765625 0.1828125 0.2453125
1 0.7625 0.8234375 0.1390625 0.190625
1 0.66875 0.47109375 0.103125 0.14375
1 0.7484375 0.446875 0.1 0.1328125
1 0.53828125 0.34375 0.0734375 0.103125
1 0.60703125 0.303125 0.08125 0.1046875
1 0.67421875 0.19765625 0.05625 0.0796875
1 0.76640625 0.1984375 0.0546875 0.0703125
1 0.61328125 0.16640625 0.0546875 0.0734375
1 0.67109375 0.12890625 0.0421875 0.0515625
1 0.74609375 0.13359375 0.0484375 0.05625
1 0.84453125 0.146875 0.0453125 0.0484375