1 0.11796875 0.35625 0.0578125 0.0734375
1 0.24296875 0.33203125 0.059375 0.078125
1 0.3671875 0.3375 0.0734375 0.090625
1 0.0125 0.36015625 0.025 0.0546875
1 0.22421875 0.26484375 0.0421875 0.0578125
1 0.15234375 0.2859375 0.028125 0.0453125
1 0.3265625 0.28359375 0.0625 0.0890625
1 0.81328125 0.228125 0.059375 0.078125
1 0.6390625 0.2125 0.0578125 0.075
1 0.5328125 0.24296875 0.05625 0.0765625
2 0.70625 0.22421875 0.0546875 0.0953125
1 0.84140625 0.15234375 0.0390625 0.0578125
1 0.01953125 0.41484375 0.0296875 0.0625