1 0.05078125 0.825 0.08125 0.1078125
1 0.1734375 0.8765625 0.078125 0.1046875
1 0.36640625 0.94609375 0.090625 0.0890625
1 0.71796875 0.84921875 0.0828125 0.0953125
1 0.88828125 0.9546875 0.0703125 0.065625
1 0.58671875 0.70546875 0.0796875 0.096875
1 0.82421875 0.5609375 0.0640625 0.078125
1 0.9625 0.65078125 0.0484375 0.078125
1 0.675 0.534375 0.05 0.0671875
1 0.4453125 0.7078125 0.075 0.090625
1 0.29609375 0.6484375 0.0734375 0.0875
1 0.09609375 0.55234375 0.046875 0.09375
1 0.05625 0.53125 0.075 0.1015625
1 0.00625 0.51953125 0.0125 0.0859375
1 0.03359375 0.31328125 0.0328125 0.0734375
1 0.1640625 0.37734375 0.0546875 0.071875
1 0.25859375 0.3796875 0.0609375 0.0734375
1 0.3921875 0.46796875 0.06875 0.078125
1 0.50625 0.50078125 0.065625 0.0765625
1 0.975 0.40234375 0.05 0.0765625
1 0.8140625 0.3375 0.0421875 0.0734375
1 0.7109375 0.30859375 0.05625 0.08125
1 0.628125 0.29453125 0.059375 0.0625
1 0.5078125 0.215625 0.05625 0.0765625
1 0.44453125 0.21484375 0.0484375 0.0765625
1 0.32578125 0.1484375 0.0484375 0.075
1 0.2296875 0.1546875 0.046875 0.0671875
1 0.10546875 0.1046875 0.04375 0.0640625
1 0.146875 0.0359375 0.046875 0.065625
1 0.290625 0.06171875 0.0421875 0.06875
1 0.46796875 0.05625 0.040625 0.0671875
1 0.565625 0.1078125 0.05 0.075
1 0.7 0.159375 0.0515625 0.075
1 0.809375 0.15078125 0.0546875 0.0796875
1 0.9328125 0.20859375 0.0515625 0.0703125
1 0.8546875 0.0578125 0.0390625 0.0296875
1 0.7671875 0.05078125 0.046875 0.0421875
1 0.6546875 0.0328125 0.0421875 0.0359375
1 0.509375 0.00859375 0.040625 0.0171875
1 0.4328125 0.003125 0.040625 0.00625