2 0.15234375 0.378125 0.0875 0.121875
2 0.1859375 0.2328125 0.075 0.1
1 0.265625 0.228125 0.0640625 0.08125
2 0.3140625 0.30390625 0.0625 0.0875
1 0.3625 0.22890625 0.0625 0.0953125
2 0.30234375 0.14453125 0.0734375 0.1140625
1 0.10625 0.5640625 0.08125 0.1578125
2 0.16328125 0.63671875 0.1078125 0.165625
2 0.2125 0.76640625 0.109375 0.1765625
1 0.30625 0.865625 0.1390625 0.2125
1 0.378125 0.4984375 0.0921875 0.1484375
1 0.41015625 0.32578125 0.08125 0.103125
2 0.4421875 0.15078125 0.053125 0.0796875
1 0.5390625 0.18203125 0.0640625 0.10625
1 0.50703125 0.23359375 0.05 0.096875
1 0.58828125 0.18984375 0.0609375 0.0953125
2 0.66171875 0.146875 0.0578125 0.0921875
2 0.69609375 0.234375 0.0875 0.128125
1 0.48671875 0.45234375 0.078125 0.11875
1 0.44453125 0.6296875 0.0859375 0.11875
1 0.578125 0.53203125 0.090625 0.1453125
2 0.4359375 0.81796875 0.0671875 0.11875
2 0.37734375 0.84375 0.0734375 0.1703125
1 0.55390625 0.92890625 0.1203125 0.1421875
1 0.65078125 0.6015625 0.096875 0.140625
1 0.665625 0.846875 0.0859375 0.16875
1 0.7171875 0.45078125 0.071875 0.109375
1 0.77421875 0.5890625 0.0828125 0.128125
2 0.77421875 0.1546875 0.06875 0.1
2 0.7484375 0.278125 0.053125 0.0765625
2 0.8171875 0.19453125 0.0609375 0.0875
1 0.9203125 0.17734375 0.0515625 0.0890625
2 0.8328125 0.3109375 0.0625 0.0921875
1 0.8625 0.584375 0.0875 0.0953125
2 0.86953125 0.83671875 0.1078125 0.14375