1 0.096875 0.54140625 0.1015625 0.203125
1 0.2421875 0.34375 0.109375 0.153125
1 0.040625 0.27265625 0.0578125 0.0890625
1 0.26953125 0.10546875 0.05625 0.0921875
1 0.43828125 0.33046875 0.0671875 0.109375
1 0.49296875 0.25625 0.0484375 0.09375
1 0.59609375 0.2578125 0.046875 0.1046875
1 0.5671875 0.44921875 0.075 0.128125
1 0.62734375 0.665625 0.0796875 0.1421875
1 0.75859375 0.40078125 0.0828125 0.1140625
1 0.54375 0.03515625 0.0375 0.0703125
1 0.7828125 0.08203125 0.04375 0.053125
1 0.92734375 0.1453125 0.0828125 0.1453125
1 0.415625 0.10390625 0.0296875 0.0703125