2 0.07265625 0.39921875 0.1015625 0.1515625
2 0.1703125 0.509375 0.090625 0.1203125
2 0.221875 0.6828125 0.1046875 0.15625
2 0.190625 0.3375 0.096875 0.1484375
2 0.3515625 0.590625 0.11875 0.1828125
1 0.47109375 0.59375 0.14375 0.221875
2 0.4921875 0.2953125 0.0921875 0.15
2 0.65390625 0.63671875 0.121875 0.1796875
2 0.62265625 0.46484375 0.1015625 0.1484375
1 0.9234375 0.540625 0.1296875 0.2078125
2 0.9203125 0.234375 0.08125 0.134375
2 0.60234375 0.10078125 0.08125 0.1203125
2 0.803125 0.10078125 0.0640625 0.090625
2 0.42578125 0.28125 0.0828125 0.115625