1 0.02578125 0.22265625 0.0515625 0.0828125
1 0.15859375 0.2203125 0.06875 0.0921875
1 0.26640625 0.22734375 0.053125 0.0703125
1 0.35078125 0.0828125 0.08125 0.1171875
1 0.41875 0.12578125 0.04375 0.0578125
1 0.50234375 0.1234375 0.065625 0.0921875
1 0.61015625 0.32578125 0.0640625 0.0890625
1 0.63671875 0.07421875 0.0671875 0.0921875
1 0.73984375 0.12578125 0.065625 0.0953125
1 0.81875 0.13671875 0.0421875 0.065625
1 0.86484375 0.13046875 0.05625 0.0734375
1 0.88515625 0.071875 0.034375 0.0515625