1 0.021875 0.4890625 0.0421875 0.07890625
1 0.0875 0.45390625 0.0453125 0.06953125
1 0.1921875 0.45390625 0.04765625 0.0734375
1 0.2859375 0.42578125 0.0421875 0.0625
1 0.3484375 0.44921875 0.04609375 0.0828125
1 0.48359375 0.4671875 0.0453125 0.07578125
1 0.50390625 0.42578125 0.028125 0.08515625
1 0.61328125 0.4390625 0.02578125 0.04765625
1 0.6921875 0.33046875 0.05 0.09375
1 0.8703125 0.35390625 0.05859375 0.08828125
1 0.99140625 0.378125 0.0171875 0.07421875
1 0.9265625 0.37421875 0.046875 0.078125
2 0.63828125 0.44609375 0.034375 0.0734375
2 0.4046875 0.4921875 0.04375 0.0734375
2 0.259375 0.46875 0.046875 0.08359375