1 0.01015625 0.06484375 0.0203125 0.0484375
1 0.28828125 0.0796875 0.0671875 0.0890625
1 0.225 0.20546875 0.065625 0.096875
2 0.396875 0.07265625 0.0546875 0.08125
1 0.3234375 0.215625 0.0796875 0.1234375
1 0.0765625 0.80078125 0.134375 0.3453125
2 0.59375 0.2140625 0.046875 0.0828125
2 0.55625 0.27890625 0.0703125 0.0984375
1 0.5078125 0.4546875 0.090625 0.1359375
1 0.69375 0.1296875 0.0703125 0.1125
1 0.85078125 0.18046875 0.0578125 0.0984375
1 0.82578125 0.4921875 0.0875 0.1171875
1 0.96953125 0.34140625 0.0453125 0.090625