1 0.034375 0.31015625 0.0640625 0.09375
1 0.040625 0.46484375 0.0703125 0.0921875
1 0.153125 0.37109375 0.0953125 0.1671875
1 0.25 0.3953125 0.05625 0.0875
1 0.52890625 0.1734375 0.0796875 0.128125
1 0.86328125 0.33359375 0.1140625 0.1828125
1 0.95078125 0.4671875 0.05 0.0875
1 0.73203125 0.4625 0.05625 0.0671875
1 0.79296875 0.446875 0.0359375 0.059375
1 0.25703125 0.29921875 0.05625 0.078125
1 0.97265625 0.38359375 0.0421875 0.059375
1 0.98515625 0.49921875 0.0296875 0.0671875
1 0.58125 0.2515625 0.0359375 0.0953125