1 0.109375 0.49140625 0.07578125 0.1890625
1 0.27265625 0.31875 0.08984375 0.13828125
1 0.0875 0.2265625 0.046875 0.08203125
1 0.32734375 0.09296875 0.04375 0.08359375
1 0.4625 0.32890625 0.053125 0.1
1 0.5234375 0.26328125 0.0359375 0.08671875
1 0.62265625 0.27734375 0.034375 0.0984375
1 0.571875 0.4578125 0.059375 0.11796875
1 0.60546875 0.6734375 0.06171875 0.13125
1 0.7625 0.434375 0.06796875 0.103125
1 0.5984375 0.05546875 0.02890625 0.06875
1 0.8234375 0.13046875 0.03671875 0.04765625
1 0.95625 0.20859375 0.06875 0.134375
1 0.46796875 0.10859375 0.02109375 0.065625