1 0.14453125 0.3078125 0.0578125 0.0828125
1 0.37578125 0.28203125 0.071875 0.1109375
1 0.5578125 0.28125 0.0625 0.09375
2 0.75078125 0.2875 0.0578125 0.0796875
2 0.9640625 0.31484375 0.05625 0.075
2 0.98203125 0.09765625 0.0359375 0.0484375
2 0.62890625 0.04375 0.01875 0.04375
2 0.56171875 0.05546875 0.015625 0.0328125
2 0.825 0.13671875 0.0140625 0.0296875
2 0.7453125 0.13359375 0.0171875 0.0234375
2 0.7046875 0.125 0.0171875 0.025
1 0.415625 0.103125 0.01875 0.03125
2 0.340625 0.121875 0.0171875 0.021875
2 0.17578125 0.09765625 0.01875 0.0265625
2 0.11015625 0.1 0.0203125 0.0359375
2 0.0203125 0.08984375 0.0140625 0.0328125