1 0.059375 0.578125 0.0921875 0.221875
1 0.24609375 0.37265625 0.1078125 0.1625
1 0.02890625 0.26796875 0.05625 0.096875
1 0.3046875 0.1078125 0.053125 0.0984375
1 0.4671875 0.38125 0.0640625 0.11875
1 0.5375 0.303125 0.04375 0.1015625
1 0.65234375 0.31796875 0.0421875 0.115625
1 0.59765625 0.52890625 0.071875 0.1390625
1 0.63984375 0.77890625 0.075 0.1546875
1 0.81875 0.49765625 0.08125 0.121875
1 0.61953125 0.05859375 0.034375 0.08125
1 0.8828125 0.14140625 0.04375 0.05625
1 0.46953125 0.1234375 0.0265625 0.0765625