1 0.05625 0.225 0.0703125 0.08671875
1 0.18984375 0.20859375 0.065625 0.1
1 0.3140625 0.20390625 0.06875 0.1
1 0.40546875 0.23984375 0.06171875 0.06875
1 0.45703125 0.24375 0.0625 0.0984375
1 0.70625 0.2203125 0.0609375 0.140625
1 0.84609375 0.2859375 0.07109375 0.13515625
1 0.896875 0.55234375 0.078125 0.1453125
1 0.80859375 0.6359375 0.084375 0.11328125
1 0.6109375 0.61328125 0.07109375 0.11875
1 0.5234375 0.50546875 0.06875 0.1453125
1 0.34921875 0.59609375 0.0890625 0.115625
1 0.13984375 0.50625 0.0734375 0.12734375