1 0.084375 0.265625 0.046875 0.090625
1 0.16640625 0.315625 0.046875 0.084375
1 0.35390625 0.29921875 0.0484375 0.0921875
1 0.3015625 0.2359375 0.02890625 0.06015625
1 0.37109375 0.23359375 0.02890625 0.046875
1 0.40703125 0.2796875 0.04296875 0.065625
1 0.43359375 0.253125 0.01875 0.05546875
1 0.45625 0.4765625 0.046875 0.0875
1 0.4796875 0.2734375 0.03125 0.0578125
1 0.52734375 0.2671875 0.0296875 0.065625
1 0.56171875 0.2796875 0.04375 0.0796875
1 0.61484375 0.30703125 0.0390625 0.07265625
1 0.653125 0.33203125 0.046875 0.08984375
1 0.7140625 0.35625 0.0546875 0.09921875
1 0.71953125 0.21328125 0.02890625 0.0703125
1 0.76875 0.259375 0.0421875 0.07265625
2 0.809375 0.25859375 0.0390625 0.0578125
1 0.88359375 0.23828125 0.04140625 0.0703125
1 0.93984375 0.25703125 0.046875 0.08203125
1 0.840625 0.25546875 0.0234375 0.046875