1 0.03203125 0.38359375 0.0640625 0.1046875
1 0.26484375 0.7078125 0.0515625 0.0734375
1 0.26875 0.50390625 0.059375 0.0921875
1 0.29765625 0.41484375 0.053125 0.075
1 0.38125 0.446875 0.059375 0.078125
1 0.43203125 0.4328125 0.0484375 0.06875
1 0.53515625 0.3765625 0.0515625 0.078125
1 0.60859375 0.37578125 0.0515625 0.078125
1 0.6828125 0.2890625 0.0515625 0.0734375
2 0.15625 0.41953125 0.0578125 0.090625
2 0.2578125 0.41328125 0.0421875 0.0578125
2 0.49765625 0.39765625 0.05 0.0796875
2 0.34609375 0.4109375 0.0546875 0.0796875