1 0.11328125 0.05546875 0.0890625 0.1109375
1 0.225 0.0796875 0.1125 0.159375
1 0.190625 0.35234375 0.1171875 0.171875
1 0.0453125 0.68125 0.090625 0.15625
1 0.309375 0.42421875 0.1203125 0.184375
1 0.22109375 0.77890625 0.1046875 0.1359375
1 0.48515625 0.6203125 0.125 0.1984375
1 0.44140625 0.91328125 0.1140625 0.1734375
1 0.578125 0.58828125 0.10625 0.165625
1 0.6734375 0.828125 0.1125 0.18125
1 0.87734375 0.384375 0.1125 0.1734375
1 0.96484375 0.5125 0.0703125 0.1625
1 0.80859375 0.69296875 0.1109375 0.178125
1 0.9 0.803125 0.125 0.184375
1 0.72734375 0.95390625 0.1140625 0.0921875