2 0.078125 0.38125 0.090625 0.146875
2 0.165625 0.49765625 0.08125 0.115625
2 0.20234375 0.675 0.09375 0.1515625
2 0.20078125 0.3296875 0.084375 0.1453125
2 0.33828125 0.5953125 0.1046875 0.178125
1 0.45625 0.60859375 0.1265625 0.2171875
2 0.50390625 0.31484375 0.0796875 0.1453125
2 0.634375 0.66640625 0.109375 0.175
2 0.61796875 0.49375 0.090625 0.14375
1 0.909375 0.59453125 0.115625 0.2046875
2 0.93671875 0.290625 0.0765625 0.13125
2 0.6296875 0.13125 0.0734375 0.1171875
2 0.828125 0.14921875 0.0578125 0.0875
2 0.4390625 0.2953125 0.0734375 0.1109375