1 0.08515625 0.43203125 0.05 0.08125
1 0.14375 0.41640625 0.0828125 0.14375
1 0.2015625 0.39140625 0.046875 0.0828125
1 0.28125 0.60703125 0.084375 0.134375
1 0.05625 0.27734375 0.0203125 0.034375
1 0.0828125 0.28828125 0.0296875 0.04375
1 0.109375 0.2890625 0.025 0.0375
1 0.2875 0.32265625 0.034375 0.0609375
1 0.3125 0.34609375 0.025 0.040625
1 0.32109375 0.41796875 0.0359375 0.0546875
1 0.3609375 0.303125 0.021875 0.040625
1 0.45 0.38984375 0.0375 0.05
1 0.4015625 0.58359375 0.040625 0.059375
1 0.5125 0.3875 0.0296875 0.071875
1 0.5546875 0.434375 0.0453125 0.0796875
1 0.5234375 0.5734375 0.0671875 0.159375
1 0.4875 0.27890625 0.025 0.0421875
1 0.4390625 0.27890625 0.0296875 0.0453125
1 0.6734375 0.4546875 0.05625 0.08125
1 0.60859375 0.36484375 0.03125 0.0421875
1 0.73359375 0.3015625 0.021875 0.040625
1 0.72421875 0.25625 0.021875 0.0359375
1 0.80234375 0.69140625 0.1859375 0.3046875
1 0.946875 0.4234375 0.0359375 0.0625
1 0.01171875 0.47890625 0.0234375 0.0484375
1 0.028125 0.26484375 0.009375 0.0328125