1 0.53671875 0.5921875 0.128125 0.175
1 0.01875 0.36875 0.015625 0.0375
1 0.1109375 0.41796875 0.0140625 0.0359375
1 0.23046875 0.4265625 0.01875 0.034375
1 0.2671875 0.41796875 0.028125 0.0375
1 0.375 0.4546875 0.021875 0.040625
2 0.3484375 0.41953125 0.0296875 0.0421875
1 0.43828125 0.43359375 0.0234375 0.0421875
1 0.5015625 0.45 0.0265625 0.04375
1 0.6703125 0.484375 0.021875 0.0421875
1 0.71796875 0.47265625 0.015625 0.034375
1 0.7578125 0.5078125 0.01875 0.0359375
1 0.92265625 0.37578125 0.021875 0.0265625
1 0.97421875 0.51484375 0.0125 0.0296875
2 0.92109375 0.503125 0.0234375 0.0390625
1 0.93125 0.4453125 0.0203125 0.03125