1 0.8890625 0.20625 0.075 0.103125
1 0.12109375 0.15078125 0.059375 0.075
1 0.68125 0.20703125 0.05625 0.0796875
1 0.734375 0.31796875 0.0390625 0.053125
0 0.9625 0.3484375 0.0578125 0.0875
0 0.5125 0.1875 0.06875 0.1078125
0 0.13828125 0.22578125 0.06875 0.1015625
2 0.05859375 0.13671875 0.0421875 0.075
2 0.21640625 0.25234375 0.0671875 0.0953125
2 0.2625 0.19453125 0.0453125 0.06875
2 0.3921875 0.22265625 0.053125 0.065625
2 0.63671875 0.22265625 0.05 0.0671875
2 0.765625 0.1765625 0.05625 0.0734375