1 0.05703125 0.39921875 0.028125 0.0484375
1 0.13046875 0.47890625 0.0484375 0.071875
1 0.1828125 0.46953125 0.0796875 0.128125
1 0.23515625 0.4515625 0.0453125 0.0734375
1 0.290625 0.64296875 0.0796875 0.1203125
1 0.06953125 0.33515625 0.0171875 0.025
1 0.11484375 0.34296875 0.0203125 0.0296875
1 0.13828125 0.3546875 0.028125 0.0390625
1 0.1609375 0.35703125 0.025 0.034375
1 0.3140625 0.396875 0.0328125 0.0546875
1 0.334375 0.41953125 0.0234375 0.0375
1 0.3375 0.48203125 0.034375 0.0484375
1 0.37890625 0.38515625 0.021875 0.0359375
1 0.45078125 0.46484375 0.034375 0.0453125
1 0.396875 0.63046875 0.0390625 0.053125
1 0.5046875 0.46640625 0.03125 0.0625
1 0.53828125 0.51015625 0.04375 0.071875
1 0.503125 0.62890625 0.0671875 0.140625
1 0.490625 0.37109375 0.025 0.0390625
1 0.4484375 0.36796875 0.028125 0.040625
1 0.640625 0.534375 0.053125 0.0734375
1 0.590625 0.453125 0.0296875 0.0375
1 0.703125 0.40546875 0.021875 0.0359375
1 0.696875 0.365625 0.0203125 0.03125
1 0.7390625 0.7484375 0.178125 0.271875
1 0.97109375 0.50703125 0.0578125 0.0984375
1 0.88046875 0.52421875 0.034375 0.0546875
1 0.0640625 0.51640625 0.025 0.04375
1 0.08828125 0.3296875 0.01875 0.0296875